Fecha,pp_em,pp_chirps,TMin,TMax,delta
2000-01-01,0.0,0.0,3.0,24.0,0.0
2000-01-02,0.0,0.0,1.0,24.0,0.0
2000-01-03,0.0,0.0,2.0,23.0,0.0
2000-01-04,0.0,0.0,3.0,23.0,0.0
2000-01-05,0.0,0.0,2.0,21.0,0.0
2000-01-06,0.0,0.0,2.0,22.0,0.0
2000-01-07,0.0,0.0,3.0,21.0,0.0
2000-01-08,0.0,0.0,2.0,20.0,0.0
2000-01-09,0.0,0.0,4.0,22.0,0.0
2000-01-10,0.0,0.0,3.0,22.0,0.0
2000-01-11,0.0,0.0,3.0,20.0,0.0
2000-01-12,0.0,0.0,1.0,21.0,0.0
2000-01-13,0.0,0.0,2.0,22.0,0.0
2000-01-14,0.0,0.0,3.0,21.0,0.0
2000-01-15,0.0,0.0,3.0,22.0,0.0
2000-01-16,0.0,0.0,2.0,22.0,0.0
2000-01-17,0.0,0.0,3.0,23.0,0.0
2000-01-18,0.0,0.0,2.0,21.0,0.0
2000-01-19,0.0,0.0,0.0,20.0,0.0
2000-01-20,0.0,0.0,0.0,22.0,0.0
2000-01-21,0.0,0.0,1.0,20.0,0.0
2000-01-22,0.0,0.0,2.0,20.0,0.0
2000-01-23,0.0,0.0,2.0,21.0,0.0
2000-01-24,0.0,0.0,3.0,20.0,0.0
2000-01-25,0.0,0.0,3.0,21.0,0.0
2000-01-26,0.0,0.0,3.0,22.0,0.0
2000-01-27,0.0,0.0,5.0,24.0,0.0
2000-01-28,0.0,0.0,4.0,24.0,0.0
2000-01-29,0.0,0.0,4.0,22.0,0.0
2000-01-30,0.0,0.0,4.0,23.0,0.0
2000-01-31,0.0,0.0,4.0,22.0,0.0
2000-02-01,0.0,0.0,4.0,21.0,0.0
2000-02-02,0.0,0.0,3.0,21.0,0.0
2000-02-03,0.0,0.0,4.0,23.0,0.0
2000-02-04,0.0,0.0,2.0,21.0,0.0
2000-02-05,0.0,0.0,1.0,21.0,0.0
2000-02-06,0.0,0.0,4.0,23.0,0.0
2000-02-07,0.0,0.0,2.0,20.0,0.0
2000-02-08,0.0,0.0,3.0,22.0,0.0
2000-02-09,0.0,0.0,4.0,22.0,0.0
2000-02-10,0.0,0.0,2.0,20.0,0.0
2000-02-11,0.0,0.0,3.0,24.0,0.0
2000-02-12,0.0,0.0,2.0,24.0,0.0
2000-02-13,0.0,0.0,3.0,21.0,0.0
2000-02-14,0.0,0.0,4.0,20.0,0.0
2000-02-15,0.0,0.0,5.0,19.0,0.0
2000-02-16,0.0,0.0,6.0,18.0,0.0
2000-02-17,0.0,0.0,5.0,22.0,0.0
2000-02-18,0.0,0.0,2.0,24.0,0.0
2000-02-19,0.0,0.0,4.0,20.0,0.0
2000-02-20,0.0,0.0,3.0,21.0,0.0
2000-02-21,0.0,0.0,5.0,20.0,0.0
2000-02-22,0.0,0.0,7.0,23.0,0.0
2000-02-23,0.0,0.0,3.0,19.0,0.0
2000-02-24,0.0,0.0,6.0,22.0,0.0
2000-02-25,0.0,0.0,4.0,23.0,0.0
2000-02-26,0.0,1.2404286861419678,4.0,24.0,-1.2404286861419678
2000-02-27,0.0,1.8606431484222408,5.0,27.0,-1.8606431484222408
2000-02-28,0.0,0.0,3.0,23.0,0.0
2000-02-29,0.0,0.0,2.0,23.0,0.0
2000-03-01,0.0,0.0,3.0,23.0,0.0
2000-03-02,0.0,0.0,5.0,20.0,0.0
2000-03-03,0.0,0.0,2.0,20.0,0.0
2000-03-04,0.0,0.0,2.0,21.0,0.0
2000-03-05,0.0,0.0,3.0,22.0,0.0
2000-03-06,0.0,2.545090675354004,6.0,18.0,-2.545090675354004
2000-03-07,0.0,0.0,4.0,20.0,0.0
2000-03-08,0.0,2.545090675354004,3.0,21.0,-2.545090675354004
2000-03-09,0.0,0.0,2.0,22.0,0.0
2000-03-10,0.0,0.0,4.0,21.0,0.0
2000-03-11,0.0,0.0,3.0,21.0,0.0
2000-03-12,0.0,0.0,4.0,20.0,0.0
2000-03-13,0.0,0.0,2.0,22.0,0.0
2000-03-14,0.0,0.0,5.0,23.0,0.0
2000-03-15,0.0,0.0,4.0,22.0,0.0
2000-03-16,0.0,0.0,4.0,21.0,0.0
2000-03-17,0.0,0.0,3.0,21.0,0.0
2000-03-18,0.0,0.0,4.0,22.0,0.0
2000-03-19,0.0,0.0,5.0,23.0,0.0
2000-03-20,0.0,0.0,4.0,20.0,0.0
2000-03-21,0.0,0.0,2.0,22.0,0.0
2000-03-22,0.0,0.0,5.0,20.0,0.0
2000-03-23,0.0,0.0,4.0,21.0,0.0
2000-03-24,0.0,0.0,3.0,24.0,0.0
2000-03-25,0.0,0.0,3.0,24.0,0.0
2000-03-26,0.0,0.0,2.0,20.0,0.0
2000-03-27,0.0,0.0,3.0,19.0,0.0
2000-03-28,0.0,0.0,1.0,23.0,0.0
2000-03-29,0.0,0.0,4.0,20.0,0.0
2000-03-30,0.0,0.0,5.0,24.0,0.0
2000-03-31,0.0,0.0,6.0,26.0,0.0
2000-04-01,0.0,0.0,2.0,26.0,0.0
2000-04-02,0.0,0.0,4.0,27.0,0.0
2000-04-03,0.0,0.0,3.0,28.0,0.0
2000-04-04,0.0,0.0,2.0,24.0,0.0
2000-04-05,0.0,0.0,3.0,24.0,0.0
2000-04-06,0.0,0.0,3.0,25.0,0.0
2000-04-07,0.0,0.0,2.0,24.0,0.0
2000-04-08,0.0,0.0,3.0,24.0,0.0
2000-04-09,0.0,0.0,5.0,23.0,0.0
2000-04-10,0.0,0.0,3.0,23.0,0.0
2000-04-11,0.0,0.0,2.0,21.0,0.0
2000-04-12,0.0,0.0,4.0,21.0,0.0
2000-04-13,0.0,0.0,2.0,20.0,0.0
2000-04-14,0.0,0.0,5.0,21.0,0.0
2000-04-15,0.0,0.0,1.0,25.0,0.0
2000-04-16,0.0,0.0,5.0,22.0,0.0
2000-04-17,0.0,0.0,4.0,22.0,0.0
2000-04-18,0.0,0.0,6.0,24.0,0.0
2000-04-19,0.0,0.0,4.0,23.0,0.0
2000-04-20,0.0,0.0,2.0,20.0,0.0
2000-04-21,0.0,0.0,3.0,21.0,0.0
2000-04-22,0.0,0.0,1.0,23.0,0.0
2000-04-23,0.0,0.0,3.0,21.0,0.0
2000-04-24,0.0,0.0,2.0,22.0,0.0
2000-04-25,0.0,0.0,6.0,20.0,0.0
2000-04-26,0.0,0.0,3.0,22.0,0.0
2000-04-27,9.7,4.129371166229248,4.0,25.0,5.570628833770751
2000-04-28,1.2,3.928915739059448,5.0,21.0,-2.728915739059448
2000-04-29,5.3,0.0,9.0,24.0,5.3
2000-04-30,3.0,0.0,8.0,27.0,3.0
2000-05-01,9.0,0.0,9.0,27.0,9.0
2000-05-02,6.0,0.0,8.0,26.0,6.0
2000-05-03,14.0,0.0,7.0,28.0,14.0
2000-05-04,34.0,0.0,4.0,30.0,34.0
2000-05-05,0.0,0.0,6.0,32.0,0.0
2000-05-06,21.1,7.151927947998047,4.0,29.0,13.948072052001955
2000-05-07,26.0,2.8607711791992188,7.0,30.0,23.13922882080078
2000-05-08,18.0,1.4303855895996094,6.0,34.0,16.56961441040039
2000-05-09,14.0,1.4303855895996094,10.0,33.0,12.56961441040039
2000-05-10,0.0,0.0,7.0,31.0,0.0
2000-05-11,0.0,0.0,6.0,33.0,0.0
2000-05-12,0.0,0.0,6.0,32.0,0.0
2000-05-13,0.0,0.0,8.0,32.0,0.0
2000-05-14,0.0,0.0,4.0,32.0,0.0
2000-05-15,6.0,0.0,7.0,28.0,6.0
2000-05-16,15.0,0.0,5.0,28.0,15.0
2000-05-17,20.0,0.0,4.0,26.0,20.0
2000-05-18,10.0,0.0,3.0,28.0,10.0
2000-05-19,0.0,0.0,2.0,26.0,0.0
2000-05-20,0.0,11.487256050109863,3.0,23.0,-11.487256050109863
2000-05-21,0.0,4.517427921295166,3.0,23.0,-4.517427921295166
2000-05-22,0.0,18.069711685180664,3.0,24.0,-18.069711685180664
2000-05-23,0.0,9.034855842590332,4.0,27.0,-9.034855842590332
2000-05-24,0.0,13.552282333374023,4.0,27.0,-13.552282333374023
2000-05-25,0.0,4.517427921295166,4.0,28.0,-4.517427921295166
2000-05-26,0.0,0.0,4.0,26.0,0.0
2000-05-27,0.0,17.31072425842285,5.0,30.0,-17.31072425842285
2000-05-28,0.0,0.0,3.0,33.0,0.0
2000-05-29,0.0,0.0,6.0,29.0,0.0
2000-05-30,8.0,34.6214485168457,7.0,32.0,-26.621448516845703
2000-05-31,20.0,17.31072425842285,6.0,30.0,2.6892757415771484
2000-06-01,10.0,10.772591590881348,5.0,28.0,-0.7725915908813477
2000-06-02,0.0,10.772591590881348,4.0,26.0,-10.772591590881348
2000-06-03,0.0,0.0,3.0,25.0,0.0
2000-06-04,30.0,0.0,7.0,27.0,30.0
2000-06-05,26.0,0.0,5.0,25.0,26.0
2000-06-06,18.0,13.72134780883789,3.0,23.0,4.278652191162109
2000-06-07,0.0,9.147564888000488,6.0,21.0,-9.147564888000488
2000-06-08,0.0,9.147564888000488,3.0,28.0,-9.147564888000488
2000-06-09,0.0,13.72134780883789,5.0,26.0,-13.72134780883789
2000-06-10,0.0,13.72134780883789,5.0,24.0,-13.72134780883789
2000-06-11,30.0,24.87176513671875,6.0,24.0,5.12823486328125
2000-06-12,36.0,8.29058837890625,6.0,28.0,27.70941162109375
2000-06-13,28.0,8.29058837890625,7.0,29.0,19.70941162109375
2000-06-14,0.0,16.5811767578125,6.0,26.0,-16.5811767578125
2000-06-15,18.0,24.87176513671875,5.0,25.0,-6.87176513671875
2000-06-16,14.0,0.0,6.0,26.0,14.0
2000-06-17,26.0,8.60076904296875,6.0,29.0,17.39923095703125
2000-06-18,0.0,17.2015380859375,7.0,30.0,-17.2015380859375
2000-06-19,0.0,0.0,6.0,30.0,0.0
2000-06-20,16.0,0.0,6.0,30.0,16.0
2000-06-21,6.0,10.25823974609375,6.0,26.0,-4.25823974609375
2000-06-22,0.0,10.25823974609375,4.0,27.0,-10.25823974609375
2000-06-23,0.0,10.25823974609375,6.0,26.0,-10.25823974609375
2000-06-24,0.0,0.0,7.0,28.0,0.0
2000-06-25,0.0,0.0,5.0,26.0,0.0
2000-06-26,7.0,0.0,6.0,26.0,7.0
2000-06-27,0.0,20.62069320678711,5.0,24.0,-20.62069320678711
2000-06-28,0.0,0.0,7.0,26.0,0.0
2000-06-29,0.0,0.0,6.0,28.0,0.0
2000-06-30,20.1,10.310346603393556,5.0,27.0,9.789653396606445
2000-07-01,0.0,0.0,4.0,28.0,0.0
2000-07-02,36.0,0.0,6.0,28.0,36.0
2000-07-03,14.0,0.0,6.0,28.0,14.0
2000-07-04,39.0,0.0,5.0,25.0,39.0
2000-07-05,26.0,0.0,4.0,27.0,26.0
2000-07-06,0.0,0.0,4.0,28.0,0.0
2000-07-07,15.0,0.0,9.0,29.0,15.0
2000-07-08,6.0,0.0,10.0,26.0,6.0
2000-07-09,0.0,0.0,9.0,28.0,0.0
2000-07-10,6.0,0.0,7.0,28.0,6.0
2000-07-11,43.0,0.0,4.0,28.0,43.0
2000-07-12,38.0,9.30027675628662,4.0,29.0,28.69972324371338
2000-07-13,16.0,18.60055351257324,4.0,28.0,-2.6005535125732386
2000-07-14,0.0,0.0,4.0,30.0,0.0
2000-07-15,0.0,0.0,3.0,30.0,0.0
2000-07-16,7.0,0.0,4.0,33.0,7.0
2000-07-17,18.0,0.0,8.0,34.0,18.0
2000-07-18,34.0,0.0,10.0,33.0,34.0
2000-07-19,0.0,36.70669174194336,6.0,33.0,-36.70669174194336
2000-07-20,14.0,0.0,8.0,30.0,14.0
2000-07-21,26.0,0.0,4.0,32.0,26.0
2000-07-22,20.0,0.0,9.0,28.0,20.0
2000-07-23,0.0,0.0,6.0,28.0,0.0
2000-07-24,0.0,0.0,9.0,29.0,0.0
2000-07-25,32.0,0.0,5.0,30.0,32.0
2000-07-26,48.0,12.175915718078612,8.0,32.0,35.82408428192139
2000-07-27,22.0,0.0,8.0,30.0,22.0
2000-07-28,14.0,0.0,6.0,32.0,14.0
2000-07-29,0.0,0.0,9.0,31.0,0.0
2000-07-30,0.0,24.351831436157227,7.0,32.0,-24.351831436157227
2000-07-31,0.0,0.0,6.0,29.0,0.0
2000-08-01,0.0,0.0,9.0,26.0,0.0
2000-08-02,7.5,0.0,8.0,28.0,7.5
2000-08-03,31.5,0.0,11.0,26.0,31.5
2000-08-04,3.5,36.80381774902344,10.0,24.0,-33.30381774902344
2000-08-05,0.0,12.267939567565918,8.0,26.0,-12.267939567565918
2000-08-06,0.0,5.143249988555908,6.0,26.0,-5.143249988555908
2000-08-07,34.1,0.0,7.0,26.0,34.1
2000-08-08,6.4,10.286499977111816,6.0,28.0,-3.886499977111816
2000-08-09,2.6,10.286499977111816,9.0,26.0,-7.686499977111817
2000-08-10,0.0,10.286499977111816,8.0,27.0,-10.286499977111816
2000-08-11,7.1,0.0,7.0,26.0,7.1
2000-08-12,1.2,18.44077491760254,8.0,26.0,-17.24077491760254
2000-08-13,7.4,13.83058261871338,10.0,26.0,-6.43058261871338
2000-08-14,12.0,9.22038745880127,11.0,27.0,2.7796125411987305
2000-08-15,0.0,4.610193729400635,10.0,27.0,-4.610193729400635
2000-08-16,0.0,0.0,10.0,26.0,0.0
2000-08-17,0.0,0.0,9.0,26.0,0.0
2000-08-18,5.4,0.0,9.0,24.5,5.4
2000-08-19,0.0,0.0,8.0,27.0,0.0
2000-08-20,40.1,13.504775047302246,7.0,26.0,26.595224952697755
2000-08-21,8.8,16.350324630737305,8.0,26.0,-7.550324630737304
2000-08-22,0.0,5.450108051300049,10.0,25.0,-5.450108051300049
2000-08-23,0.0,0.0,11.0,26.0,0.0
2000-08-24,0.0,0.0,12.0,24.5,0.0
2000-08-25,0.0,0.0,10.0,24.0,0.0
2000-08-26,0.0,0.0,10.0,25.0,0.0
2000-08-27,0.0,0.0,10.0,24.0,0.0
2000-08-28,3.9,0.0,9.0,26.0,3.9
2000-08-29,4.2,21.434001922607425,10.0,24.0,-17.234001922607426
2000-08-30,7.4,21.434001922607425,9.0,25.0,-14.034001922607425
2000-08-31,37.8,0.0,9.0,26.0,37.8
2000-09-01,1.5,6.013355731964111,10.5,26.0,-4.513355731964111
2000-09-02,6.2,0.0,10.0,25.0,6.2
2000-09-03,0.0,0.0,11.0,24.0,0.0
2000-09-04,3.1,12.026711463928224,11.0,25.0,-8.926711463928225
2000-09-05,0.0,0.0,10.0,24.0,0.0
2000-09-06,0.0,0.0,11.0,23.0,0.0
2000-09-07,0.0,0.0,11.0,23.0,0.0
2000-09-08,0.0,0.0,12.0,24.0,0.0
2000-09-09,7.5,0.0,10.0,24.0,7.5
2000-09-10,0.0,7.903127670288086,10.0,24.0,-7.903127670288086
2000-09-11,4.2,0.0,12.0,23.0,4.2
2000-09-12,6.7,8.471412658691406,11.0,25.0,-1.771412658691406
2000-09-13,17.5,16.942825317382812,10.0,23.0,0.5571746826171875
2000-09-14,39.5,16.942825317382812,9.0,25.0,22.557174682617188
2000-09-15,10.5,38.72645950317383,9.0,24.0,-28.226459503173828
2000-09-16,14.5,6.931535720825195,8.0,25.0,7.568464279174805
2000-09-17,7.5,13.86307144165039,7.0,24.0,-6.363071441650391
2000-09-18,4.5,0.0,9.0,26.0,4.5
2000-09-19,0.0,6.931535720825195,9.5,24.0,-6.931535720825195
2000-09-20,7.2,0.0,9.0,28.0,7.2
2000-09-21,39.0,0.0,10.0,26.0,39.0
2000-09-22,0.0,22.290023803710938,10.0,25.0,-22.290023803710938
2000-09-23,0.0,0.0,11.0,26.0,0.0
2000-09-24,0.0,11.145011901855469,10.0,25.0,-11.145011901855469
2000-09-25,9.0,0.0,8.0,25.0,9.0
2000-09-26,0.0,21.05116844177246,8.0,25.0,-21.05116844177246
2000-09-27,6.4,0.0,9.0,25.0,6.4
2000-09-28,5.2,0.0,10.0,22.0,5.2
2000-09-29,3.8,0.0,9.0,24.0,3.8
2000-09-30,3.8,7.017055988311768,10.0,24.0,-3.2170559883117678
2000-10-01,5.3,0.0,11.5,21.0,5.3
2000-10-02,0.0,0.0,11.0,22.0,0.0
2000-10-03,0.0,4.304917812347412,12.0,20.0,-4.304917812347412
2000-10-04,0.0,8.609835624694824,11.0,18.0,-8.609835624694824
2000-10-05,0.0,0.0,12.0,20.0,0.0
2000-10-06,37.0,0.0,12.0,22.0,37.0
2000-10-07,5.2,19.15391731262207,12.0,20.0,-13.953917312622071
2000-10-08,0.0,0.0,9.0,22.5,0.0
2000-10-09,0.0,0.0,8.5,20.0,0.0
2000-10-10,7.1,0.0,9.5,19.0,7.1
2000-10-11,1.2,0.0,10.5,22.0,1.2
2000-10-12,5.1,9.697477340698242,10.0,22.0,-4.5974773406982425
2000-10-13,0.0,0.0,9.5,19.5,0.0
2000-10-14,0.0,0.0,10.0,20.0,0.0
2000-10-15,0.0,0.0,9.5,22.0,0.0
2000-10-16,0.0,0.0,9.5,23.0,0.0
2000-10-17,2.1,7.762449264526367,10.0,21.5,-5.6624492645263675
2000-10-18,0.0,7.762449264526367,11.5,20.0,-7.762449264526367
2000-10-19,0.0,0.0,9.5,20.0,0.0
2000-10-20,0.0,0.0,9.5,22.5,0.0
2000-10-21,0.0,0.0,10.0,23.0,0.0
2000-10-22,0.0,0.0,10.0,19.5,0.0
2000-10-23,0.0,0.0,11.0,17.5,0.0
2000-10-24,0.0,0.0,8.0,20.0,0.0
2000-10-25,0.0,0.0,7.5,19.0,0.0
2000-10-26,0.0,0.0,8.5,20.0,0.0
2000-10-27,0.0,0.0,10.5,20.0,0.0
2000-10-28,0.0,0.0,11.0,21.0,0.0
2000-10-29,0.0,0.0,10.0,23.0,0.0
2000-10-30,0.0,0.0,9.0,22.0,0.0
2000-10-31,0.0,0.0,9.5,25.0,0.0
2000-11-01,0.0,0.0,10.0,23.5,0.0
2000-11-02,0.0,0.0,10.0,26.0,0.0
2000-11-03,0.0,0.0,0.0,26.0,0.0
2000-11-04,0.0,0.0,10.0,23.0,0.0
2000-11-05,0.0,0.0,9.5,24.0,0.0
2000-11-06,0.0,0.0,10.5,25.0,0.0
2000-11-07,0.0,0.0,10.0,27.0,0.0
2000-11-08,0.0,0.0,7.5,27.0,0.0
2000-11-09,0.0,0.0,8.5,29.0,0.0
2000-11-10,0.0,0.0,9.0,29.0,0.0
2000-11-11,0.0,0.0,9.5,30.0,0.0
2000-11-12,0.0,0.0,10.0,30.0,0.0
2000-11-13,0.0,0.0,10.5,30.0,0.0
2000-11-14,0.0,3.489204168319702,11.0,29.0,-3.489204168319702
2000-11-15,0.0,0.0,9.0,28.5,0.0
2000-11-16,0.0,0.0,10.0,28.0,0.0
2000-11-17,0.0,0.0,10.5,29.5,0.0
2000-11-18,0.0,0.0,10.0,29.0,0.0
2000-11-19,0.0,0.0,9.5,27.5,0.0
2000-11-20,0.0,0.0,9.5,29.0,0.0
2000-11-21,0.0,0.0,11.0,25.5,0.0
2000-11-22,0.0,0.0,8.0,27.5,0.0
2000-11-23,0.0,0.0,9.0,27.0,0.0
2000-11-24,0.0,0.0,9.0,29.0,0.0
2000-11-25,0.0,0.0,9.0,28.0,0.0
2000-11-26,0.0,0.0,10.0,28.5,0.0
2000-11-27,0.0,3.015169620513916,10.5,26.5,-3.015169620513916
2000-11-28,17.3,0.0,10.5,28.0,17.3
2000-11-29,0.0,0.0,10.5,29.0,0.0
2000-11-30,0.0,0.0,8.5,27.0,0.0
2000-12-01,0.0,0.0,8.5,29.5,0.0
2000-12-02,0.0,0.0,6.0,28.0,0.0
2000-12-03,0.0,0.0,6.5,25.5,0.0
2000-12-04,0.0,0.0,7.0,27.5,0.0
2000-12-05,0.0,0.0,7.0,24.0,0.0
2000-12-06,0.0,0.0,6.5,25.5,0.0
2000-12-07,0.0,0.0,6.5,26.5,0.0
2000-12-08,0.0,0.0,7.0,28.0,0.0
2000-12-09,0.0,0.0,8.0,28.0,0.0
2000-12-10,0.0,0.0,8.5,28.0,0.0
2000-12-11,0.0,0.0,8.5,29.5,0.0
2000-12-12,0.0,0.0,9.0,28.5,0.0
2000-12-13,0.0,0.0,8.5,29.5,0.0
2000-12-14,0.0,0.0,9.5,30.0,0.0
2000-12-15,0.0,0.0,9.0,28.5,0.0
2000-12-16,0.0,0.0,8.5,28.5,0.0
2000-12-17,0.0,0.0,7.5,25.5,0.0
2000-12-18,0.0,0.0,8.0,26.5,0.0
2000-12-19,0.0,0.0,6.5,26.5,0.0
2000-12-20,0.0,0.0,6.0,24.5,0.0
2000-12-21,0.0,0.0,6.5,27.0,0.0
2000-12-22,0.0,0.0,7.5,26.5,0.0
2000-12-23,0.0,0.0,6.0,26.5,0.0
2000-12-24,0.0,0.0,6.5,27.5,0.0
2000-12-25,0.0,0.0,7.0,27.0,0.0
2000-12-26,0.0,1.0053812265396118,7.0,24.0,-1.0053812265396118
2000-12-27,0.0,2.010762453079224,8.5,25.0,-2.010762453079224
2000-12-28,0.0,1.0053812265396118,8.0,24.0,-1.0053812265396118
2000-12-29,0.0,0.0,9.5,27.0,0.0
2000-12-30,0.0,0.0,9.5,24.0,0.0
2000-12-31,3.5,0.0,9.0,21.5,3.5
2001-01-01,0.0,0.0,4.0,21.0,0.0
2001-01-02,0.0,0.0,5.0,21.0,0.0
2001-01-03,0.0,0.0,5.0,19.0,0.0
2001-01-04,0.0,1.6176080703735352,4.0,22.0,-1.6176080703735352
2001-01-05,0.0,0.0,4.0,23.0,0.0
2001-01-06,0.0,0.0,3.0,23.0,0.0
2001-01-07,0.0,0.0,3.0,24.0,0.0
2001-01-08,0.0,0.0,5.0,24.0,0.0
2001-01-09,10.0,0.0,5.0,24.0,10.0
2001-01-10,0.0,4.809874534606934,8.0,24.0,-4.809874534606934
2001-01-11,0.0,0.0,5.0,20.0,0.0
2001-01-12,0.0,0.0,5.0,19.0,0.0
2001-01-13,0.0,0.0,4.0,20.0,0.0
2001-01-14,0.0,0.0,3.0,23.0,0.0
2001-01-15,0.0,0.0,3.0,25.0,0.0
2001-01-16,0.0,0.0,2.0,22.0,0.0
2001-01-17,0.0,0.0,3.0,22.0,0.0
2001-01-18,0.0,0.0,4.0,23.0,0.0
2001-01-19,0.0,0.0,4.0,20.0,0.0
2001-01-20,0.0,0.0,2.0,21.0,0.0
2001-01-21,0.0,0.0,2.0,22.0,0.0
2001-01-22,0.0,0.0,2.0,21.0,0.0
2001-01-23,0.0,0.0,1.0,22.0,0.0
2001-01-24,0.0,0.0,3.0,21.0,0.0
2001-01-25,0.0,0.0,2.0,21.0,0.0
2001-01-26,0.0,1.271731972694397,3.0,19.0,-1.271731972694397
2001-01-27,0.0,0.0,2.0,20.0,0.0
2001-01-28,0.0,0.0,2.0,23.0,0.0
2001-01-29,0.0,0.0,1.0,20.0,0.0
2001-01-30,0.0,0.0,2.0,22.0,0.0
2001-01-31,0.0,0.0,3.0,20.0,0.0
2001-04-01,0.0,0.0,2.0,26.0,0.0
2001-04-02,0.0,0.0,3.0,22.0,0.0
2001-04-03,0.0,0.0,5.0,25.0,0.0
2001-04-04,0.0,0.0,6.0,26.0,0.0
2001-04-05,0.0,0.0,4.0,23.0,0.0
2001-04-06,0.0,0.0,5.0,24.0,0.0
2001-04-07,0.0,0.0,5.0,22.0,0.0
2001-04-08,0.0,0.0,5.0,23.0,0.0
2001-04-09,0.0,0.0,5.0,25.0,0.0
2001-04-10,0.0,0.0,5.0,26.0,0.0
2001-04-11,0.0,0.0,5.0,23.0,0.0
2001-04-12,0.0,0.0,4.0,22.0,0.0
2001-04-13,0.0,0.0,5.0,23.0,0.0
2001-04-14,0.0,0.0,5.0,25.0,0.0
2001-04-15,0.0,0.0,5.0,23.0,0.0
2001-04-16,0.0,0.0,6.0,25.0,0.0
2001-04-17,0.0,0.0,5.0,25.0,0.0
2001-04-18,0.0,0.0,5.0,27.0,0.0
2001-04-19,0.0,0.0,4.0,26.0,0.0
2001-04-20,1.6,0.0,7.0,24.0,1.6
2001-04-21,0.0,0.0,7.0,23.0,0.0
2001-04-22,0.0,2.515799045562744,5.0,23.0,-2.515799045562744
2001-04-23,5.6,2.515799045562744,4.0,24.0,3.0842009544372555
2001-04-24,2.4,7.547397136688232,4.0,22.0,-5.147397136688232
2001-04-25,17.8,5.031598091125488,8.0,23.0,12.768401908874512
2001-04-26,25.7,11.918693542480469,7.0,24.0,13.78130645751953
2001-04-27,0.0,0.0,6.0,26.0,0.0
2001-04-28,0.0,0.0,7.0,24.0,0.0
2001-04-29,0.0,0.0,7.0,22.0,0.0
2001-04-30,0.0,5.959346771240234,7.0,22.0,-5.959346771240234
2001-05-01,3.4,2.854024887084961,8.0,23.0,0.545975112915039
2001-05-02,0.0,2.854024887084961,9.0,25.0,-2.854024887084961
2001-05-03,0.0,0.0,7.0,26.0,0.0
2001-05-04,0.0,0.0,8.0,22.0,0.0
2001-05-05,0.0,0.0,9.0,24.0,0.0
2001-05-06,0.0,0.0,9.0,26.0,0.0
2001-05-07,0.0,7.000659942626953,9.0,24.0,-7.000659942626953
2001-05-08,0.0,0.0,7.0,24.0,0.0
2001-05-09,0.0,0.0,8.0,22.0,0.0
2001-05-10,0.0,0.0,5.0,21.0,0.0
2001-05-11,0.0,0.0,6.0,23.0,0.0
2001-05-12,21.3,4.62141752243042,9.0,24.0,16.67858247756958
2001-05-13,2.3,13.864252090454102,8.0,20.0,-11.5642520904541
2001-05-14,3.8,0.0,8.0,21.0,3.8
2001-05-15,0.0,0.0,6.0,23.0,0.0
2001-05-16,3.4,1.5051474571228027,7.0,24.0,1.8948525428771972
2001-05-17,0.0,1.5051474571228027,10.0,23.0,-1.5051474571228027
2001-05-18,0.0,0.0,7.0,22.0,0.0
2001-05-19,0.0,0.0,7.0,23.0,0.0
2001-05-20,0.0,0.0,8.0,24.0,0.0
2001-05-21,3.7,0.0,10.0,25.0,3.7
2001-05-22,16.4,10.36884593963623,8.0,28.0,6.031154060363768
2001-05-23,0.0,5.184422969818115,10.0,24.0,-5.184422969818115
2001-05-24,20.3,10.36884593963623,10.0,25.0,9.93115406036377
2001-05-25,4.8,0.0,8.0,23.0,4.8
2001-05-26,0.0,0.0,6.0,26.0,0.0
2001-05-27,0.0,3.335532665252685,7.0,24.0,-3.335532665252685
2001-05-28,1.3,4.44737720489502,5.0,23.0,-3.1473772048950206
2001-05-29,0.0,0.0,5.0,26.0,0.0
2001-05-30,6.0,0.0,6.0,24.0,6.0
2001-05-31,4.3,6.671065330505371,5.0,25.0,-2.3710653305053713
2001-06-01,3.8,10.66525650024414,6.0,24.0,-6.865256500244141
2001-06-02,7.5,0.0,5.0,23.0,7.5
2001-06-03,2.0,21.33051300048828,8.0,24.0,-19.33051300048828
2001-06-04,0.0,0.0,7.0,23.0,0.0
2001-06-05,0.0,0.0,9.0,22.0,0.0
2001-06-06,0.0,14.67414665222168,11.0,23.0,-14.67414665222168
2001-06-07,0.0,0.0,11.0,23.0,0.0
2001-06-08,49.0,14.67414665222168,10.0,24.0,34.32585334777832
2001-06-09,1.3,29.34829330444336,9.0,23.0,-28.04829330444336
2001-06-10,10.2,0.0,6.0,22.0,10.2
2001-06-11,0.0,15.88012409210205,5.0,20.0,-15.88012409210205
2001-06-12,29.5,7.940062046051025,4.0,22.0,21.559937953948975
2001-06-13,29.6,15.88012409210205,4.0,24.0,13.71987590789795
2001-06-14,23.4,0.0,6.0,24.0,23.4
2001-06-15,16.1,7.940062046051025,8.0,24.0,8.159937953948976
2001-06-16,0.0,11.42353057861328,5.0,23.0,-11.42353057861328
2001-06-17,2.1,0.0,5.0,23.0,2.1
2001-06-18,7.2,0.0,5.0,22.0,7.2
2001-06-19,0.5,0.0,6.0,22.0,0.5
2001-06-20,4.6,11.42353057861328,4.0,23.0,-6.82353057861328
2001-06-21,5.6,5.2759857177734375,5.0,24.0,0.32401428222656214
2001-06-22,13.0,5.2759857177734375,7.0,23.0,7.7240142822265625
2001-06-23,0.0,5.2759857177734375,8.0,25.0,-5.2759857177734375
2001-06-24,0.0,2.6379928588867188,6.0,23.0,-2.6379928588867188
2001-06-25,0.0,0.0,6.0,24.0,0.0
2001-06-26,0.0,0.0,6.0,23.0,0.0
2001-06-27,0.0,0.0,6.0,24.0,0.0
2001-06-28,0.0,13.202073097229004,7.0,23.0,-13.202073097229004
2001-06-29,0.0,0.0,8.0,24.0,0.0
2001-06-30,1.6,0.0,5.0,23.0,1.6
2001-07-01,4.3,0.0,7.0,20.0,4.3
2001-07-02,16.4,12.033059120178224,11.0,22.0,4.366940879821774
2001-07-03,0.3,12.033059120178224,9.0,20.0,-11.733059120178224
2001-07-04,0.0,12.033059120178224,8.0,21.0,-12.033059120178224
2001-07-05,13.9,0.0,11.0,22.0,13.9
2001-07-06,0.0,9.240323066711426,9.0,20.0,-9.240323066711426
2001-07-07,0.0,0.0,5.0,22.0,0.0
2001-07-08,0.0,0.0,8.0,23.0,0.0
2001-07-09,1.3,9.240323066711426,8.0,20.0,-7.940323066711426
2001-07-10,11.0,18.48064613342285,9.0,20.0,-7.480646133422852
2001-07-11,0.0,11.199766159057615,7.0,25.0,-11.199766159057615
2001-07-12,16.0,5.599883079528809,5.0,25.0,10.400116920471191
2001-07-13,12.3,5.599883079528809,4.0,21.0,6.700116920471192
2001-07-14,0.0,16.79964828491211,5.0,23.0,-16.79964828491211
2001-07-15,0.0,0.0,5.0,22.0,0.0
2001-07-16,4.3,5.27108907699585,6.0,21.0,-0.9710890769958498
2001-07-17,3.6,10.5421781539917,8.0,20.0,-6.9421781539917
2001-07-18,8.2,5.27108907699585,6.0,20.0,2.9289109230041497
2001-07-19,4.2,5.27108907699585,5.0,22.0,-1.0710890769958494
2001-07-20,0.0,5.27108907699585,7.0,20.0,-5.27108907699585
2001-07-21,1.3,0.0,8.0,20.0,1.3
2001-07-22,0.0,0.0,8.0,20.0,0.0
2001-07-23,0.0,0.0,7.0,23.0,0.0
2001-07-24,0.0,12.29269790649414,7.0,20.0,-12.29269790649414
2001-07-25,26.1,24.58539581298828,10.0,20.0,1.5146041870117202
2001-07-26,13.8,8.386064529418945,9.0,21.0,5.413935470581055
2001-07-27,0.0,8.386064529418945,9.0,20.0,-8.386064529418945
2001-07-28,2.5,0.0,8.0,22.0,2.5
2001-07-29,42.1,16.77212905883789,10.0,21.0,25.32787094116211
2001-07-30,0.0,8.386064529418945,9.0,22.0,-8.386064529418945
2001-07-31,0.0,8.386064529418945,10.0,21.0,-8.386064529418945
2001-08-01,0.0,6.575940608978272,8.0,22.0,-6.575940608978272
2001-08-02,0.0,0.0,9.0,21.0,0.0
2001-08-03,0.0,0.0,9.0,22.0,0.0
2001-08-04,0.0,6.575940608978272,11.0,21.0,-6.575940608978272
2001-08-05,0.0,6.575940608978272,10.0,20.0,-6.575940608978272
2001-08-06,7.0,14.022907257080078,7.0,22.0,-7.022907257080078
2001-08-07,0.0,0.0,8.0,23.0,0.0
2001-08-08,0.0,0.0,6.0,24.0,0.0
2001-08-09,0.0,0.0,9.0,22.0,0.0
2001-08-10,3.1,0.0,8.0,22.0,3.1
2001-08-11,0.0,11.938339233398438,9.0,22.0,-11.938339233398438
2001-08-12,0.0,11.938339233398438,11.0,21.0,-11.938339233398438
2001-08-13,0.0,0.0,9.0,24.0,0.0
2001-08-14,6.2,0.0,10.0,22.0,6.2
2001-08-15,36.4,5.969169616699219,9.0,23.0,30.43083038330078
2001-08-16,7.1,0.0,6.0,20.0,7.1
2001-08-17,0.0,6.261101245880127,11.0,21.0,-6.261101245880127
2001-08-18,0.0,0.0,6.0,23.0,0.0
2001-08-19,0.0,0.0,5.0,24.0,0.0
2001-08-20,0.0,0.0,6.0,25.0,0.0
2001-08-21,0.0,0.0,7.0,28.0,0.0
2001-08-22,0.0,15.19867992401123,6.0,28.0,-15.19867992401123
2001-08-23,0.0,0.0,5.0,28.0,0.0
2001-08-24,0.0,0.0,7.0,28.0,0.0
2001-08-25,0.0,0.0,8.0,27.0,0.0
2001-08-26,0.0,8.483773231506348,7.0,25.0,-8.483773231506348
2001-08-27,0.0,16.967546463012695,8.0,27.0,-16.967546463012695
2001-08-28,0.0,0.0,9.0,27.0,0.0
2001-08-29,0.0,0.0,8.0,28.0,0.0
2001-08-30,0.0,8.483773231506348,7.0,26.0,-8.483773231506348
2001-08-31,0.0,0.0,8.0,28.0,0.0
2001-09-01,48.3,10.03560733795166,8.0,26.0,38.26439266204834
2001-09-02,0.0,10.03560733795166,8.0,26.0,-10.03560733795166
2001-09-03,0.8,0.0,8.0,23.0,0.8
2001-09-04,2.0,10.03560733795166,9.0,24.0,-8.03560733795166
2001-09-05,0.0,0.0,10.0,21.0,0.0
2001-09-06,0.0,0.0,9.0,23.0,0.0
2001-09-07,0.0,8.831543922424316,6.0,22.0,-8.831543922424316
2001-09-08,0.0,8.831543922424316,9.0,23.0,-8.831543922424316
2001-09-09,13.5,0.0,6.0,23.0,13.5
2001-09-10,7.4,8.831543922424316,5.0,22.0,-1.431543922424316
2001-09-11,20.1,15.36589527130127,8.0,22.0,4.734104728698732
2001-09-12,0.0,0.0,10.0,21.0,0.0
2001-09-13,68.4,0.0,6.0,23.0,68.4
2001-09-14,28.4,26.890316009521484,5.0,22.0,1.5096839904785142
2001-09-15,6.1,0.0,8.0,21.0,6.1
2001-09-16,0.0,0.0,8.0,23.0,0.0
2001-09-17,0.0,0.0,8.0,23.0,0.0
2001-09-18,0.0,0.0,8.0,22.0,0.0
2001-09-19,0.0,20.686038970947266,7.0,24.0,-20.686038970947266
2001-09-20,0.0,0.0,8.0,22.0,0.0
2001-09-21,1.8,0.0,9.0,23.0,1.8
2001-09-22,2.1,0.0,8.0,23.0,2.1
2001-09-23,39.4,24.46852302551269,8.0,22.0,14.931476974487307
2001-09-24,8.1,24.46852302551269,7.0,23.0,-16.368523025512694
2001-09-25,5.5,0.0,8.0,22.0,5.5
2001-09-26,37.4,24.6777286529541,8.0,22.0,12.722271347045897
2001-09-27,0.5,0.0,11.0,22.0,0.5
2001-09-28,10.0,0.0,9.0,23.0,10.0
2001-09-29,0.6,0.0,7.0,23.0,0.6
2001-09-30,0.0,0.0,8.0,27.0,0.0
2001-10-01,0.0,0.0,10.0,24.0,0.0
2001-10-02,0.0,0.0,8.0,25.0,0.0
2001-10-03,0.0,0.0,9.0,23.0,0.0
2001-10-04,0.0,0.0,10.0,23.0,0.0
2001-10-05,0.0,0.0,9.0,24.0,0.0
2001-10-06,6.4,0.0,8.0,25.0,6.4
2001-10-07,0.0,10.729292869567873,9.0,26.0,-10.729292869567873
2001-10-08,0.0,0.0,8.0,24.0,0.0
2001-10-09,0.0,3.5764310359954834,8.0,25.0,-3.5764310359954834
2001-10-10,3.5,0.0,7.0,26.0,3.5
2001-10-11,0.0,0.0,7.0,22.0,0.0
2001-10-12,0.0,0.0,7.0,21.0,0.0
2001-10-13,0.0,0.0,5.0,22.0,0.0
2001-10-14,4.6,0.0,6.0,23.0,4.6
2001-10-15,32.0,26.21024513244629,9.0,23.0,5.789754867553711
2001-10-16,0.0,6.792403221130371,4.0,24.0,-6.792403221130371
2001-10-17,0.0,0.0,6.0,23.0,0.0
2001-10-18,4.2,0.0,9.0,22.0,4.2
2001-10-19,0.0,0.0,8.0,25.0,0.0
2001-10-20,0.0,0.0,7.0,25.0,0.0
2001-10-21,0.0,0.0,8.0,24.0,0.0
2001-10-22,0.0,0.0,4.0,23.0,0.0
2001-10-23,0.0,0.0,6.0,24.5,0.0
2001-10-24,0.0,0.0,7.0,24.0,0.0
2001-10-25,0.0,3.286665439605713,5.0,25.0,-3.286665439605713
2001-10-26,0.0,0.0,5.0,24.0,0.0
2001-10-27,0.0,0.0,5.0,23.0,0.0
2001-10-28,0.0,0.0,7.0,24.0,0.0
2001-10-29,0.0,0.0,6.0,25.0,0.0
2001-10-30,0.0,0.0,4.0,25.0,0.0
2001-10-31,0.0,0.0,4.0,24.0,0.0
2001-11-01,0.0,0.0,8.5,28.0,0.0
2001-11-02,0.0,0.0,8.5,27.5,0.0
2001-11-03,0.0,0.0,8.5,28.0,0.0
2001-11-04,0.0,0.0,8.0,26.0,0.0
2001-11-05,0.0,0.0,8.5,25.0,0.0
2001-11-06,0.0,0.0,8.0,27.0,0.0
2001-11-07,0.0,0.0,8.0,25.0,0.0
2001-11-08,0.0,0.0,8.0,27.0,0.0
2001-11-09,0.0,0.0,7.5,28.0,0.0
2001-11-10,0.0,0.0,7.5,27.0,0.0
2001-11-11,0.0,0.0,6.5,27.0,0.0
2001-11-12,0.0,0.0,8.0,26.0,0.0
2001-11-13,0.0,0.0,9.5,24.5,0.0
2001-11-14,0.0,0.0,10.0,24.0,0.0
2001-11-15,0.0,0.0,10.5,25.0,0.0
2001-11-16,0.0,1.6650762557983398,8.5,28.0,-1.6650762557983398
2001-11-17,0.0,3.50005841255188,8.5,27.0,-3.50005841255188
2001-11-18,0.0,0.0,7.5,28.0,0.0
2001-11-19,0.0,0.0,8.0,28.0,0.0
2001-11-20,0.0,0.0,8.5,27.0,0.0
2001-11-21,0.0,0.0,8.5,28.0,0.0
2001-11-22,0.0,0.0,9.0,24.5,0.0
2001-11-23,0.0,0.0,7.0,25.5,0.0
2001-11-24,0.0,0.0,7.0,26.5,0.0
2001-11-25,0.0,0.0,7.5,28.0,0.0
2001-11-26,0.0,0.0,8.5,27.0,0.0
2001-11-27,0.0,0.0,9.0,26.5,0.0
2001-11-28,0.0,0.0,9.0,26.5,0.0
2001-11-29,0.0,0.0,9.5,27.0,0.0
2001-11-30,0.0,0.0,8.5,29.5,0.0
2001-12-01,0.0,0.0,7.5,25.0,0.0
2001-12-02,0.0,0.0,8.0,27.0,0.0
2001-12-03,0.0,0.0,8.0,27.5,0.0
2001-12-04,0.0,0.0,7.0,26.5,0.0
2001-12-05,0.0,0.0,7.0,25.5,0.0
2001-12-06,0.0,0.0,6.5,26.5,0.0
2001-12-07,0.0,0.0,6.5,25.0,0.0
2001-12-08,0.0,0.0,7.0,26.5,0.0
2001-12-09,0.0,0.0,7.5,26.0,0.0
2001-12-10,0.0,0.0,7.0,27.0,0.0
2001-12-11,0.0,0.0,7.0,27.0,0.0
2001-12-12,0.0,0.0,7.5,26.0,0.0
2001-12-13,0.0,0.0,7.0,25.0,0.0
2001-12-14,0.0,0.0,6.0,26.0,0.0
2001-12-15,0.0,0.0,6.0,25.0,0.0
2001-12-16,0.0,0.0,6.0,25.0,0.0
2001-12-17,0.0,0.0,6.0,26.0,0.0
2001-12-18,0.0,0.4125686883926391,6.0,26.0,-0.4125686883926391
2001-12-19,0.0,0.0,6.5,25.0,0.0
2001-12-20,0.0,0.8251373767852783,6.0,26.0,-0.8251373767852783
2001-12-21,0.0,0.0,6.5,27.0,0.0
2001-12-22,0.0,0.0,7.0,25.0,0.0
2001-12-23,0.0,0.0,6.0,26.0,0.0
2001-12-24,0.0,0.0,6.5,26.0,0.0
2001-12-25,0.0,0.0,6.0,26.0,0.0
2001-12-26,0.0,0.0,6.0,24.5,0.0
2001-12-27,0.0,3.5589828491210938,6.5,24.5,-3.5589828491210938
2001-12-28,0.0,0.7117966413497925,6.0,26.0,-0.7117966413497925
2001-12-29,0.0,0.7117966413497925,6.0,25.0,-0.7117966413497925
2001-12-30,0.0,0.0,6.0,24.0,0.0
2001-12-31,0.0,0.0,6.0,25.0,0.0
2002-01-01,0.0,0.0,6.0,24.0,0.0
2002-01-02,0.0,0.0,7.0,25.5,0.0
2002-01-03,0.0,0.0,7.0,25.0,0.0
2002-01-04,0.0,0.0,7.0,25.0,0.0
2002-01-05,0.0,0.0,6.0,25.0,0.0
2002-01-06,0.0,0.0,7.0,27.0,0.0
2002-01-07,0.0,0.0,6.0,26.0,0.0
2002-01-08,0.0,0.0,6.0,27.0,0.0
2002-01-09,0.0,0.0,7.0,26.0,0.0
2002-01-10,0.0,0.0,6.0,26.0,0.0
2002-01-11,0.0,0.0,6.0,26.0,0.0
2002-01-12,1.3,0.0,6.0,27.0,1.3
2002-01-13,29.5,4.347843647003174,6.0,26.0,25.152156352996826
2002-01-14,0.0,4.8058600425720215,6.0,24.0,-4.8058600425720215
2002-01-15,0.0,0.0,4.0,25.0,0.0
2002-01-16,0.0,0.0,3.5,27.0,0.0
2002-01-17,0.0,0.0,6.0,28.0,0.0
2002-01-18,0.0,0.0,7.0,28.5,0.0
2002-01-19,0.0,0.0,8.0,28.0,0.0
2002-01-20,0.0,0.0,7.0,26.5,0.0
2002-01-21,0.0,0.0,9.0,26.5,0.0
2002-01-22,0.0,0.0,9.0,28.5,0.0
2002-01-23,0.0,0.0,8.0,28.0,0.0
2002-01-24,0.0,0.0,7.0,27.5,0.0
2002-01-25,0.0,0.0,7.0,28.5,0.0
2002-01-26,0.0,0.0,7.5,28.5,0.0
2002-01-27,0.0,0.0,7.5,28.0,0.0
2002-01-28,0.0,0.0,8.5,28.5,0.0
2002-01-29,0.0,0.0,9.0,28.0,0.0
2002-01-30,0.0,0.0,7.0,28.5,0.0
2002-01-31,0.0,0.0,7.0,28.5,0.0
2002-02-01,0.0,0.0,8.0,27.0,0.0
2002-02-02,0.0,0.0,7.0,27.0,0.0
2002-02-03,0.0,0.0,6.0,28.5,0.0
2002-02-04,0.0,0.0,7.5,29.5,0.0
2002-02-05,0.0,0.0,8.0,26.5,0.0
2002-02-06,0.0,0.0,7.5,26.5,0.0
2002-02-07,0.0,0.0,7.5,26.5,0.0
2002-02-08,0.0,0.0,7.0,27.0,0.0
2002-02-09,0.0,0.0,7.0,26.5,0.0
2002-02-10,4.2,0.0,7.5,26.5,4.2
2002-02-11,0.0,0.0,8.0,25.5,0.0
2002-02-12,0.0,0.0,7.5,25.0,0.0
2002-02-13,0.0,0.0,7.0,24.0,0.0
2002-02-14,0.0,0.0,8.0,25.0,0.0
2002-02-15,0.0,0.0,7.5,27.0,0.0
2002-02-16,0.0,0.0,7.0,27.0,0.0
2002-02-17,0.0,0.0,7.0,26.0,0.0
2002-02-18,0.0,0.0,7.5,29.0,0.0
2002-02-19,0.0,0.0,7.5,29.5,0.0
2002-02-20,0.0,0.0,8.0,29.0,0.0
2002-02-21,0.7,0.0,8.0,29.0,0.7
2002-02-22,0.0,0.0,7.0,29.0,0.0
2002-02-23,0.0,0.0,7.5,29.0,0.0
2002-02-24,0.0,3.52335524559021,7.0,28.0,-3.52335524559021
2002-02-25,0.0,0.0,7.5,29.0,0.0
2002-02-26,0.0,0.0,8.5,29.0,0.0
2002-02-27,0.0,0.0,8.0,27.0,0.0
2002-02-28,0.0,0.0,9.0,29.0,0.0
2002-03-01,0.0,0.0,10.0,28.0,0.0
2002-03-02,0.0,0.0,10.5,29.0,0.0
2002-03-03,0.0,0.0,12.0,29.0,0.0
2002-03-04,0.0,0.0,10.5,30.0,0.0
2002-03-05,0.0,0.0,8.5,31.0,0.0
2002-03-06,0.0,0.0,11.0,30.0,0.0
2002-03-07,0.0,0.0,11.0,29.0,0.0
2002-03-08,0.0,0.0,12.0,29.0,0.0
2002-03-09,0.0,0.0,10.0,30.0,0.0
2002-03-10,0.0,0.0,10.0,31.0,0.0
2002-03-11,0.0,0.0,9.0,30.0,0.0
2002-03-12,1.5,0.0,9.0,29.0,1.5
2002-03-13,0.0,0.0,10.5,30.5,0.0
2002-03-14,0.0,0.0,10.5,31.0,0.0
2002-03-15,0.0,0.0,10.5,31.5,0.0
2002-03-16,0.0,0.0,11.0,31.5,0.0
2002-03-17,0.0,0.0,10.5,31.5,0.0
2002-03-18,0.0,0.0,11.0,31.5,0.0
2002-03-19,0.0,0.0,11.0,31.5,0.0
2002-03-20,0.0,0.0,11.0,31.0,0.0
2002-03-21,0.4,0.0,13.0,31.0,0.4
2002-03-22,0.0,0.0,10.0,31.0,0.0
2002-03-23,0.0,0.0,9.0,29.5,0.0
2002-03-24,0.0,0.0,10.5,28.0,0.0
2002-03-25,0.0,0.0,11.0,29.5,0.0
2002-03-26,0.0,0.0,12.0,30.0,0.0
2002-03-27,0.0,0.0,11.0,31.0,0.0
2002-03-28,0.0,0.0,12.0,31.0,0.0
2002-03-29,0.0,0.0,10.0,30.0,0.0
2002-03-30,0.0,0.0,12.0,31.0,0.0
2002-03-31,0.0,0.0,11.0,31.5,0.0
2002-04-01,0.0,0.0,11.5,31.5,0.0
2002-04-02,0.0,0.0,11.0,33.0,0.0
2002-04-03,0.0,0.0,11.0,33.0,0.0
2002-04-04,0.0,0.0,12.0,33.0,0.0
2002-04-05,0.0,0.0,11.0,33.0,0.0
2002-04-06,0.0,0.0,12.0,32.0,0.0
2002-04-07,14.8,0.0,11.0,32.0,14.8
2002-04-08,0.0,15.156057357788086,9.0,30.0,-15.156057357788086
2002-04-09,0.8,0.0,9.5,30.0,0.8
2002-04-10,0.0,0.0,10.0,29.0,0.0
2002-04-11,3.2,0.0,9.0,28.0,3.2
2002-04-12,0.0,0.0,10.0,30.0,0.0
2002-04-13,0.0,0.0,9.0,30.0,0.0
2002-04-14,0.0,0.0,10.0,29.0,0.0
2002-04-15,5.8,0.0,11.5,30.0,5.8
2002-04-16,0.0,0.0,10.5,28.0,0.0
2002-04-17,0.0,0.0,11.0,31.0,0.0
2002-04-18,0.0,0.0,10.0,30.0,0.0
2002-04-19,0.0,0.0,11.0,32.0,0.0
2002-04-20,0.0,0.0,11.0,29.0,0.0
2002-04-21,0.0,0.0,11.0,33.0,0.0
2002-04-22,0.0,0.0,12.0,31.0,0.0
2002-04-23,0.0,0.0,11.0,32.0,0.0
2002-04-24,0.0,0.0,12.0,32.0,0.0
2002-04-25,0.0,0.0,11.0,33.0,0.0
2002-04-26,0.0,0.0,11.0,31.0,0.0
2002-04-27,0.0,0.0,11.5,32.0,0.0
2002-04-28,0.0,0.0,11.5,33.0,0.0
2002-04-29,0.0,0.0,12.5,33.0,0.0
2002-04-30,0.0,0.0,12.5,32.0,0.0
2002-05-01,0.0,0.0,13.0,31.5,0.0
2002-05-02,0.0,0.0,12.0,32.0,0.0
2002-05-03,0.0,0.0,11.0,32.0,0.0
2002-05-04,0.0,0.0,12.0,33.5,0.0
2002-05-05,0.0,0.0,13.0,32.0,0.0
2002-05-06,0.0,0.0,12.0,34.0,0.0
2002-05-07,5.2,0.0,11.5,34.0,5.2
2002-05-08,6.5,9.184070587158203,10.5,29.5,-2.684070587158203
2002-05-09,0.0,0.0,10.0,34.0,0.0
2002-05-10,0.1,9.184070587158203,12.0,31.5,-9.084070587158203
2002-05-11,0.0,0.0,13.0,30.0,0.0
2002-05-12,0.0,0.0,11.0,29.0,0.0
2002-05-13,0.0,0.0,11.0,30.0,0.0
2002-05-14,0.0,4.653327941894531,13.0,31.0,-4.653327941894531
2002-05-15,0.0,0.0,12.0,30.0,0.0
2002-05-16,0.0,4.611418724060059,11.0,33.0,-4.611418724060059
2002-05-17,0.0,0.0,11.0,32.0,0.0
2002-05-18,0.0,0.0,12.0,31.0,0.0
2002-05-19,0.0,0.0,13.0,32.0,0.0
2002-05-20,0.0,0.0,11.0,32.0,0.0
2002-05-21,0.8,0.0,12.0,31.0,0.8
2002-05-22,0.0,0.0,11.0,31.0,0.0
2002-05-23,0.0,0.0,12.0,32.0,0.0
2002-05-24,5.2,0.0,11.0,31.0,5.2
2002-05-25,0.0,0.0,12.0,32.0,0.0
2002-05-26,0.0,0.0,13.0,31.0,0.0
2002-05-27,0.0,0.0,11.0,33.0,0.0
2002-05-28,0.0,4.640286445617676,12.0,31.0,-4.640286445617676
2002-05-29,0.0,9.280572891235352,12.0,31.0,-9.280572891235352
2002-05-30,5.1,0.0,12.0,32.0,5.1
2002-05-31,0.0,0.0,11.0,29.0,0.0
2002-06-01,10.5,0.0,11.0,27.0,10.5
2002-06-02,0.0,0.0,10.0,26.0,0.0
2002-06-03,0.0,0.0,10.0,27.0,0.0
2002-06-04,19.1,0.0,11.0,25.0,19.1
2002-06-05,3.2,29.97198867797852,11.0,25.0,-26.77198867797852
2002-06-06,0.0,12.644197463989258,10.0,24.0,-12.644197463989258
2002-06-07,25.0,25.28839492797852,11.0,26.0,-0.2883949279785192
2002-06-08,12.7,25.28839492797852,10.0,29.0,-12.58839492797852
2002-06-09,12.5,12.644197463989258,10.0,29.0,-0.1441974639892578
2002-06-10,21.5,0.0,11.0,28.0,21.5
2002-06-11,0.0,4.600925445556641,11.0,24.0,-4.600925445556641
2002-06-12,8.3,13.802777290344238,10.0,25.0,-5.502777290344238
2002-06-13,0.0,0.0,10.5,26.0,0.0
2002-06-14,0.0,0.0,10.0,25.0,0.0
2002-06-15,0.8,9.20185089111328,11.0,24.0,-8.401850891113279
2002-06-16,0.0,0.0,11.0,25.0,0.0
2002-06-17,0.0,10.456525802612305,10.5,26.0,-10.456525802612305
2002-06-18,0.0,0.0,10.5,24.0,0.0
2002-06-19,0.0,0.0,10.5,25.0,0.0
2002-06-20,12.4,0.0,11.0,26.0,12.4
2002-06-21,0.0,0.0,11.0,24.0,0.0
2002-06-22,5.6,6.523678302764893,11.0,25.0,-0.9236783027648929
2002-06-23,0.0,6.523678302764893,10.0,24.5,-6.523678302764893
2002-06-24,32.0,0.0,9.0,25.0,32.0
2002-06-25,1.5,13.047356605529783,10.0,28.0,-11.547356605529783
2002-06-26,0.0,9.895798683166504,9.0,24.0,-9.895798683166504
2002-06-27,5.5,9.895798683166504,8.5,25.0,-4.395798683166504
2002-06-28,18.4,9.895798683166504,9.5,26.0,8.504201316833495
2002-06-29,22.5,0.0,10.5,24.0,22.5
2002-06-30,0.0,19.791597366333008,9.5,26.5,-19.791597366333008
2002-07-01,0.0,9.411495208740234,10.0,27.0,-9.411495208740234
2002-07-02,0.0,4.705747604370117,10.0,26.0,-4.705747604370117
2002-07-03,0.0,4.705747604370117,9.0,28.5,-4.705747604370117
2002-07-04,3.2,0.0,11.0,28.0,3.2
2002-07-05,0.0,4.705747604370117,11.0,27.0,-4.705747604370117
2002-07-06,0.0,0.0,11.5,28.0,0.0
2002-07-07,7.5,11.476051330566406,12.0,26.0,-3.9760513305664062
2002-07-08,0.0,11.476051330566406,11.0,27.0,-11.476051330566406
2002-07-09,0.0,0.0,10.0,25.0,0.0
2002-07-10,1.5,0.0,9.0,25.0,1.5
2002-07-11,0.0,0.0,10.0,24.0,0.0
2002-07-12,7.8,8.510414123535156,9.0,25.0,-0.7104141235351564
2002-07-13,2.5,0.0,10.0,26.0,2.5
2002-07-14,18.9,25.5312442779541,11.0,24.0,-6.631244277954103
2002-07-15,0.0,8.510414123535156,10.0,25.0,-8.510414123535156
2002-07-16,2.1,0.0,12.0,26.0,2.1
2002-07-17,0.0,13.481715202331545,11.0,25.0,-13.481715202331545
2002-07-18,1.2,0.0,9.0,25.0,1.2
2002-07-19,0.0,0.0,9.0,25.5,0.0
2002-07-20,3.5,0.0,10.0,25.0,3.5
2002-07-21,0.0,0.0,11.0,26.0,0.0
2002-07-22,0.0,8.658172607421875,11.0,25.5,-8.658172607421875
2002-07-23,0.0,0.0,10.0,26.0,0.0
2002-07-24,0.0,0.0,10.0,25.0,0.0
2002-07-25,0.5,0.0,9.0,26.5,0.5
2002-07-26,0.0,3.1013524532318115,10.0,24.0,-3.1013524532318115
2002-07-27,0.0,9.30405616760254,9.0,28.0,-9.30405616760254
2002-07-28,3.5,6.202704906463623,10.0,29.0,-2.702704906463623
2002-07-29,6.5,6.202704906463623,10.0,27.0,0.29729509353637695
2002-07-30,0.0,6.202704906463623,11.0,26.0,-6.202704906463623
2002-07-31,0.0,0.0,10.0,27.0,0.0
2002-08-01,15.4,6.393706321716309,10.0,24.5,9.006293678283692
2002-08-02,0.0,6.393706321716309,11.0,26.5,-6.393706321716309
2002-08-03,0.0,0.0,11.0,25.0,0.0
2002-08-04,0.0,0.0,12.0,24.0,0.0
2002-08-05,0.0,0.0,12.0,25.0,0.0
2002-08-06,0.0,0.0,10.5,25.0,0.0
2002-08-07,0.0,0.0,10.0,25.5,0.0
2002-08-08,1.0,0.0,10.0,26.0,1.0
2002-08-09,3.2,0.0,9.5,24.0,3.2
2002-08-10,0.0,0.0,9.0,25.0,0.0
2002-08-11,0.0,0.0,10.5,26.0,0.0
2002-08-12,0.0,0.0,10.0,25.0,0.0
2002-08-13,4.5,24.82852363586425,11.0,26.0,-20.32852363586425
2002-08-14,0.0,0.0,10.0,26.5,0.0
2002-08-15,0.0,0.0,11.0,27.0,0.0
2002-08-16,0.0,8.639836311340332,12.0,27.0,-8.639836311340332
2002-08-17,0.0,0.0,11.0,26.0,0.0
2002-08-18,0.0,0.0,11.0,27.0,0.0
2002-08-19,3.5,0.0,10.0,26.0,3.5
2002-08-20,0.0,0.0,11.0,25.0,0.0
2002-08-21,0.0,0.0,12.0,28.0,0.0
2002-08-22,0.0,11.25605583190918,11.0,27.0,-11.25605583190918
2002-08-23,0.0,0.0,10.0,26.0,0.0
2002-08-24,0.0,0.0,10.5,27.0,0.0
2002-08-25,6.5,0.0,12.0,26.0,6.5
2002-08-26,0.0,4.124998569488525,11.0,24.0,-4.124998569488525
2002-08-27,0.0,0.0,10.0,28.0,0.0
2002-08-28,0.0,0.0,10.0,28.0,0.0
2002-08-29,0.0,4.124998569488525,9.0,28.0,-4.124998569488525
2002-08-30,0.0,0.0,10.0,27.0,0.0
2002-08-31,0.0,0.0,9.0,27.0,0.0
2002-09-01,13.5,0.0,10.5,26.0,13.5
2002-09-02,0.0,0.0,9.5,27.0,0.0
2002-09-03,0.0,21.05809593200684,8.5,27.0,-21.05809593200684
2002-09-04,11.5,14.038731575012209,9.5,25.0,-2.538731575012209
2002-09-05,32.5,7.019365787506104,10.0,26.0,25.480634212493896
2002-09-06,31.0,17.569530487060547,11.0,25.0,13.430469512939453
2002-09-07,4.6,17.569530487060547,9.0,26.0,-12.969530487060547
2002-09-08,24.5,17.569530487060547,8.0,25.0,6.930469512939453
2002-09-09,2.5,0.0,7.0,25.0,2.5
2002-09-10,0.2,8.784765243530273,9.0,24.0,-8.584765243530274
2002-09-11,1.4,24.062318801879883,10.0,25.0,-22.662318801879884
2002-09-12,8.5,24.062318801879883,9.0,25.0,-15.562318801879883
2002-09-13,29.5,0.0,9.0,26.0,29.5
2002-09-14,32.5,24.062318801879883,11.0,25.0,8.437681198120117
2002-09-15,54.5,24.062318801879883,9.0,24.5,30.437681198120117
2002-09-16,13.2,8.141207695007324,10.0,25.0,5.058792304992675
2002-09-17,1.1,16.28241539001465,9.0,24.0,-15.182415390014649
2002-09-18,0.0,0.0,10.0,25.0,0.0
2002-09-19,0.0,0.0,9.0,26.0,0.0
2002-09-20,7.5,24.42362403869629,9.0,25.0,-16.92362403869629
2002-09-21,32.1,22.60344314575196,9.0,24.0,9.496556854248041
2002-09-22,0.2,22.60344314575196,8.0,25.5,-22.40344314575196
2002-09-23,1.2,11.301721572875977,7.0,25.0,-10.101721572875977
2002-09-24,17.2,0.0,8.0,26.0,17.2
2002-09-25,3.2,0.0,7.0,25.0,3.2
2002-09-26,1.2,0.0,9.0,24.0,1.2
2002-09-27,26.5,0.0,8.0,25.0,26.5
2002-09-28,31.2,46.04121398925781,9.0,24.5,-14.841213989257813
2002-09-29,0.0,15.347071647644045,8.0,24.0,-15.347071647644045
2002-09-30,20.0,0.0,9.0,23.0,20.0
2002-10-01,0.0,0.0,11.0,23.5,0.0
2002-10-02,0.0,0.0,10.0,24.0,0.0
2002-10-03,0.0,0.0,10.0,22.0,0.0
2002-10-04,0.0,6.480080604553223,9.5,25.0,-6.480080604553223
2002-10-05,0.0,0.0,10.0,24.0,0.0
2002-10-06,2.1,0.0,11.0,23.0,2.1
2002-10-07,1.2,0.0,10.0,24.5,1.2
2002-10-08,0.0,0.0,9.0,23.5,0.0
2002-10-09,0.0,0.0,9.5,22.0,0.0
2002-10-10,22.5,0.0,9.0,24.0,22.5
2002-10-11,0.0,16.77068519592285,8.5,24.0,-16.77068519592285
2002-10-12,0.0,0.0,9.0,23.0,0.0
2002-10-13,0.0,0.0,8.5,24.0,0.0
2002-10-14,19.5,0.0,9.0,23.0,19.5
2002-10-15,0.0,0.0,8.0,25.0,0.0
2002-10-16,0.0,0.0,10.0,24.0,0.0
2002-10-17,1.2,0.0,9.5,25.0,1.2
2002-10-18,0.0,8.459389686584473,8.0,23.0,-8.459389686584473
2002-10-19,0.0,0.0,8.5,25.0,0.0
2002-10-20,0.0,0.0,8.0,24.0,0.0
2002-10-21,0.0,8.041691780090332,9.0,23.0,-8.041691780090332
2002-10-22,0.0,0.0,10.0,24.0,0.0
2002-10-23,1.9,0.0,9.0,23.0,1.9
2002-10-24,0.0,0.0,9.0,24.0,0.0
2002-10-25,0.0,0.0,8.0,25.0,0.0
2002-10-26,0.0,0.0,9.0,24.0,0.0
2002-10-27,0.0,0.0,10.0,25.0,0.0
2002-10-28,33.2,0.0,10.0,24.0,33.2
2002-10-29,0.0,0.0,9.0,23.0,0.0
2002-10-30,8.5,0.0,10.0,24.5,8.5
2002-10-31,7.9,38.84254455566406,9.0,26.0,-30.942544555664064
2002-11-01,4.5,0.0,11.0,24.5,4.5
2002-11-02,0.0,0.0,10.0,23.5,0.0
2002-11-03,11.2,16.634836196899414,10.0,24.0,-5.434836196899415
2002-11-04,0.0,0.0,8.0,25.0,0.0
2002-11-05,0.0,0.0,8.0,24.0,0.0
2002-11-06,0.0,0.0,7.5,25.0,0.0
2002-11-07,0.0,0.0,8.0,25.0,0.0
2002-11-08,0.0,0.0,8.0,25.0,0.0
2002-11-09,0.0,0.0,7.5,26.0,0.0
2002-11-10,7.5,0.0,7.0,24.0,7.5
2002-11-11,22.5,5.476595878601074,9.5,25.0,17.023404121398926
2002-11-12,3.6,0.0,10.0,27.0,3.6
2002-11-13,0.0,10.953191757202148,10.0,25.0,-10.953191757202148
2002-11-14,1.2,0.0,9.0,26.0,1.2
2002-11-15,0.0,0.0,10.0,25.0,0.0
2002-11-16,0.0,0.0,9.0,26.0,0.0
2002-11-17,0.0,0.0,7.5,24.0,0.0
2002-11-18,0.0,0.0,7.5,26.0,0.0
2002-11-19,0.0,0.0,6.5,25.0,0.0
2002-11-20,0.0,0.0,5.0,24.0,0.0
2002-11-21,0.0,0.0,5.0,25.0,0.0
2002-11-22,0.0,0.0,4.5,25.0,0.0
2002-11-23,0.0,0.0,4.0,26.0,0.0
2002-11-24,0.0,0.0,4.0,24.0,0.0
2002-11-25,0.0,0.0,5.0,26.0,0.0
2002-11-26,0.0,0.0,7.5,24.0,0.0
2002-11-27,0.0,0.0,5.0,25.0,0.0
2002-11-28,0.0,0.0,7.0,24.0,0.0
2002-11-29,0.0,0.0,8.0,27.0,0.0
2002-11-30,0.0,0.0,8.0,28.0,0.0
2002-12-01,0.0,0.0,5.5,26.0,0.0
2002-12-02,0.0,0.0,6.5,28.0,0.0
2002-12-03,0.0,0.0,3.5,25.5,0.0
2002-12-04,0.0,0.0,4.5,25.0,0.0
2002-12-05,0.0,0.0,4.0,26.0,0.0
2002-12-06,0.0,0.0,5.5,24.5,0.0
2002-12-07,0.0,0.0,5.0,25.0,0.0
2002-12-08,0.0,0.0,4.0,25.0,0.0
2002-12-09,0.0,0.0,4.0,26.0,0.0
2002-12-10,0.0,0.0,3.0,25.0,0.0
2002-12-11,0.0,0.0,4.0,24.5,0.0
2002-12-12,0.0,0.0,3.5,25.0,0.0
2002-12-13,0.0,0.4361096322536468,3.0,25.0,-0.4361096322536468
2002-12-14,0.0,0.4361096322536468,3.5,24.5,-0.4361096322536468
2002-12-15,0.0,0.0,4.5,25.0,0.0
2002-12-16,0.0,0.0,3.5,25.0,0.0
2002-12-17,0.0,0.0,3.5,24.5,0.0
2002-12-18,0.0,0.0,4.5,23.0,0.0
2002-12-19,0.0,0.0,3.5,21.0,0.0
2002-12-20,0.0,0.0,3.0,22.0,0.0
2002-12-21,0.0,0.0,3.0,23.5,0.0
2002-12-22,0.0,0.0,3.0,24.5,0.0
2002-12-23,0.0,0.0,5.5,20.0,0.0
2002-12-24,0.0,0.0,3.5,23.0,0.0
2002-12-25,0.0,0.866783082485199,3.5,22.0,-0.866783082485199
2002-12-26,0.0,0.0,3.5,21.0,0.0
2002-12-27,0.0,0.0,3.0,21.0,0.0
2002-12-28,0.0,0.0,3.0,23.0,0.0
2002-12-29,0.0,0.0,3.0,24.0,0.0
2002-12-30,0.0,0.0,3.5,22.0,0.0
2002-12-31,0.0,1.139139175415039,4.5,22.0,-1.139139175415039
2003-01-01,0.0,2.4220540523529053,3.5,26.5,-2.4220540523529053
2003-01-02,0.0,0.0,3.0,25.5,0.0
2003-01-03,0.0,0.0,2.5,24.5,0.0
2003-01-04,0.0,0.0,2.5,24.0,0.0
2003-01-05,0.0,0.0,2.0,23.0,0.0
2003-01-06,0.0,0.0,2.5,24.0,0.0
2003-01-07,0.0,0.0,2.0,23.0,0.0
2003-01-08,0.0,0.0,1.5,24.0,0.0
2003-01-09,0.0,2.413599967956543,1.5,23.0,-2.413599967956543
2003-01-10,0.0,0.0,1.0,24.0,0.0
2003-01-11,0.0,0.0,2.5,23.0,0.0
2003-01-12,0.0,0.0,1.5,23.5,0.0
2003-01-13,0.0,0.0,1.5,24.0,0.0
2003-01-14,0.0,0.0,2.0,18.0,0.0
2003-01-15,0.0,0.0,1.5,18.0,0.0
2003-01-16,0.0,0.0,1.5,17.0,0.0
2003-01-17,0.0,0.0,2.5,18.0,0.0
2003-01-18,0.0,0.0,2.5,17.0,0.0
2003-01-19,0.0,0.0,2.5,17.0,0.0
2003-01-20,0.0,0.0,2.5,19.0,0.0
2003-01-21,0.0,0.0,2.5,20.0,0.0
2003-01-22,0.0,0.0,1.0,20.0,0.0
2003-01-23,0.0,0.0,0.0,19.0,0.0
2003-01-24,0.0,0.0,1.0,15.0,0.0
2003-01-25,0.0,0.0,2.0,15.0,0.0
2003-01-26,0.0,0.0,3.0,15.0,0.0
2003-01-27,0.0,0.0,2.5,15.0,0.0
2003-01-28,0.0,0.0,2.0,16.0,0.0
2003-01-29,0.0,0.0,1.0,19.0,0.0
2003-01-30,0.0,0.0,3.5,18.0,0.0
2003-01-31,0.0,0.0,4.0,19.0,0.0
2003-02-01,0.0,0.0,5.0,21.0,0.0
2003-02-02,0.0,2.045271396636963,5.5,22.0,-2.045271396636963
2003-02-03,0.0,0.0,5.0,21.0,0.0
2003-02-04,0.0,0.0,3.0,23.0,0.0
2003-02-05,0.0,0.0,4.0,21.0,0.0
2003-02-06,0.0,0.0,5.0,21.0,0.0
2003-02-07,0.0,0.0,3.0,23.0,0.0
2003-02-08,0.0,0.0,2.5,21.0,0.0
2003-02-09,0.0,0.0,3.5,20.0,0.0
2003-02-10,0.0,0.0,2.0,22.0,0.0
2003-02-11,0.0,0.0,3.5,21.0,0.0
2003-02-12,0.0,0.0,3.5,20.0,0.0
2003-02-13,0.0,0.0,3.5,23.0,0.0
2003-02-14,0.0,0.0,4.5,20.0,0.0
2003-02-15,0.0,0.0,3.0,19.0,0.0
2003-02-16,0.0,0.0,4.5,20.0,0.0
2003-02-17,0.0,0.0,5.0,19.0,0.0
2003-02-18,0.0,0.0,5.5,20.0,0.0
2003-02-19,0.0,0.0,3.5,21.0,0.0
2003-02-20,0.0,0.0,4.5,21.0,0.0
2003-02-21,0.0,0.0,3.5,20.0,0.0
2003-02-22,0.0,0.0,4.5,22.0,0.0
2003-02-23,0.0,0.0,3.5,22.0,0.0
2003-02-24,0.0,0.0,3.5,21.0,0.0
2003-02-25,0.0,0.0,3.5,22.0,0.0
2003-02-26,0.0,0.0,3.5,23.0,0.0
2003-02-27,0.0,0.0,4.5,22.0,0.0
2003-02-28,0.0,0.0,3.5,24.0,0.0
2003-03-01,0.0,0.0,9.5,26.0,0.0
2003-03-02,0.0,0.0,9.5,26.0,0.0
2003-03-03,0.0,0.0,8.5,28.0,0.0
2003-03-04,0.0,0.0,9.5,26.0,0.0
2003-03-05,0.0,0.0,8.5,28.0,0.0
2003-03-06,0.0,0.0,9.5,29.0,0.0
2003-03-07,0.0,0.0,9.5,30.0,0.0
2003-03-08,0.0,0.0,10.0,30.0,0.0
2003-03-09,0.0,0.0,10.0,32.0,0.0
2003-03-10,0.0,0.0,9.5,32.0,0.0
2003-03-11,0.0,0.0,9.5,32.0,0.0
2003-03-12,0.0,0.0,9.5,32.0,0.0
2003-03-13,0.0,0.0,9.0,32.0,0.0
2003-03-14,0.0,2.038456678390503,8.5,28.5,-2.038456678390503
2003-03-15,0.0,0.0,9.5,29.5,0.0
2003-03-16,0.0,0.0,9.0,28.5,0.0
2003-03-17,0.0,0.0,9.0,28.0,0.0
2003-03-18,0.0,0.0,9.5,28.0,0.0
2003-03-19,0.0,0.0,7.5,29.0,0.0
2003-03-20,0.0,0.0,8.0,29.5,0.0
2003-03-21,0.0,0.0,9.0,31.0,0.0
2003-03-22,0.0,0.0,9.0,32.0,0.0
2003-03-23,0.0,0.0,9.0,31.5,0.0
2003-03-24,0.0,0.0,10.0,31.0,0.0
2003-03-25,0.0,0.0,9.5,32.0,0.0
2003-03-26,0.0,0.0,10.0,32.0,0.0
2003-03-27,0.0,0.0,9.0,29.0,0.0
2003-03-28,0.0,0.0,10.0,29.0,0.0
2003-03-29,0.0,2.912090301513672,10.0,28.0,-2.912090301513672
2003-03-30,7.2,0.0,9.5,27.0,7.2
2003-03-31,0.0,5.824180603027344,8.5,26.5,-5.824180603027344
2003-04-01,0.0,0.0,7.5,27.0,0.0
2003-04-02,0.0,0.0,9.0,29.0,0.0
2003-04-03,0.0,0.0,10.0,30.0,0.0
2003-04-04,0.0,0.0,11.0,32.0,0.0
2003-04-05,0.0,0.0,12.0,33.0,0.0
2003-04-06,0.0,0.0,10.0,34.0,0.0
2003-04-07,0.0,0.0,11.0,34.0,0.0
2003-04-08,0.0,0.0,12.0,35.0,0.0
2003-04-09,0.0,1.8187499046325684,12.5,35.0,-1.8187499046325684
2003-04-10,0.0,1.8187499046325684,10.0,35.0,-1.8187499046325684
2003-04-11,0.0,1.5541322231292725,11.0,35.0,-1.5541322231292725
2003-04-12,0.0,1.5541322231292725,10.0,35.0,-1.5541322231292725
2003-04-13,0.0,0.0,10.5,35.0,0.0
2003-04-14,0.0,0.0,10.5,35.0,0.0
2003-04-15,0.0,0.0,9.5,34.0,0.0
2003-04-16,0.0,0.0,9.0,33.0,0.0
2003-04-17,0.0,0.0,10.0,32.0,0.0
2003-04-18,0.0,0.0,10.0,33.0,0.0
2003-04-19,0.0,0.0,10.5,32.0,0.0
2003-04-20,0.0,1.9651271104812624,12.0,34.0,-1.9651271104812624
2003-04-21,0.0,0.0,10.0,32.0,0.0
2003-04-22,0.0,0.0,12.0,31.0,0.0
2003-04-23,0.0,0.0,11.5,32.0,0.0
2003-04-24,0.0,0.0,11.0,33.0,0.0
2003-04-25,0.0,0.0,10.0,35.0,0.0
2003-04-26,0.0,0.0,9.0,35.0,0.0
2003-04-27,0.0,0.0,10.0,34.0,0.0
2003-04-28,0.0,0.0,10.0,32.0,0.0
2003-04-29,0.0,0.0,10.0,33.0,0.0
2003-04-30,0.0,0.0,9.0,34.0,0.0
2003-05-01,0.0,0.0,9.0,33.5,0.0
2003-05-02,0.0,0.0,10.0,33.0,0.0
2003-05-03,0.0,0.0,11.0,32.5,0.0
2003-05-04,0.0,0.0,9.0,33.5,0.0
2003-05-05,0.0,0.0,10.0,34.0,0.0
2003-05-06,0.0,0.0,11.0,33.5,0.0
2003-05-07,0.0,0.0,10.0,31.5,0.0
2003-05-08,0.0,0.0,11.0,32.0,0.0
2003-05-09,0.0,0.0,12.0,31.0,0.0
2003-05-10,0.0,6.78964900970459,11.0,32.0,-6.78964900970459
2003-05-11,6.5,4.451671123504639,9.0,33.0,2.0483288764953613
2003-05-12,0.0,4.451671123504639,8.0,32.0,-4.451671123504639
2003-05-13,0.0,0.0,11.0,31.0,0.0
2003-05-14,0.0,0.0,11.0,32.0,0.0
2003-05-15,0.0,4.451671123504639,10.0,30.0,-4.451671123504639
2003-05-16,0.0,3.743481159210205,10.0,30.0,-3.743481159210205
2003-05-17,9.3,0.0,11.0,33.0,9.3
2003-05-18,0.0,7.48696231842041,9.0,32.0,-7.48696231842041
2003-05-19,0.0,0.0,9.0,34.0,0.0
2003-05-20,0.0,0.0,8.5,32.0,0.0
2003-05-21,0.8,0.0,11.0,33.0,0.8
2003-05-22,0.0,0.0,10.0,31.0,0.0
2003-05-23,7.2,0.0,10.5,32.0,7.2
2003-05-24,0.0,12.01202392578125,9.0,30.0,-12.01202392578125
2003-05-25,0.0,0.0,11.0,29.0,0.0
2003-05-26,0.0,15.287796020507812,10.0,27.5,-15.287796020507812
2003-05-27,0.0,5.095931529998779,10.0,32.0,-5.095931529998779
2003-05-28,0.0,5.095931529998779,10.0,30.5,-5.095931529998779
2003-05-29,0.0,0.0,12.0,31.5,0.0
2003-05-30,0.0,0.0,11.0,32.0,0.0
2003-05-31,0.0,0.0,11.0,30.5,0.0
2003-06-01,19.4,15.079306602478027,10.0,27.0,4.320693397521971
2003-06-02,1.2,22.618959426879883,9.5,26.0,-21.418959426879884
2003-06-03,3.5,7.539653301239014,10.0,27.0,-4.039653301239014
2003-06-04,47.3,7.539653301239014,10.5,25.0,39.76034669876098
2003-06-05,0.0,22.618959426879883,11.5,25.0,-22.618959426879883
2003-06-06,7.2,17.582469940185547,10.5,24.0,-10.382469940185548
2003-06-07,7.2,23.443294525146484,11.0,26.0,-16.243294525146485
2003-06-08,23.4,17.582469940185547,10.5,29.0,5.817530059814452
2003-06-09,33.2,11.721647262573242,10.5,29.0,21.47835273742676
2003-06-10,0.0,5.860823631286621,10.5,28.0,-5.860823631286621
2003-06-11,0.0,0.0,11.0,24.0,0.0
2003-06-12,0.0,11.18308925628662,10.0,25.0,-11.18308925628662
2003-06-13,1.5,5.591544628143311,11.0,26.0,-4.091544628143311
2003-06-14,7.1,5.591544628143311,12.0,25.0,1.5084553718566882
2003-06-15,5.2,11.18308925628662,11.0,24.0,-5.983089256286619
2003-06-16,30.2,11.636892318725586,10.5,25.0,18.563107681274413
2003-06-17,0.0,11.636892318725586,10.5,26.0,-11.636892318725586
2003-06-18,6.5,0.0,9.5,24.0,6.5
2003-06-19,0.0,11.636892318725586,11.0,25.0,-11.636892318725586
2003-06-20,7.2,11.636892318725586,9.5,26.0,-4.436892318725586
2003-06-21,23.1,15.85162353515625,10.0,24.0,7.248376464843751
2003-06-22,13.2,10.5677490234375,9.5,25.0,2.6322509765624993
2003-06-23,8.1,21.135498046875,10.5,24.5,-13.035498046875
2003-06-24,23.5,5.28387451171875,9.0,25.0,18.21612548828125
2003-06-25,0.0,5.28387451171875,8.5,28.0,-5.28387451171875
2003-06-26,26.0,0.0,8.0,24.0,26.0
2003-06-27,26.5,0.0,9.0,25.0,26.5
2003-06-28,0.0,0.0,10.0,26.0,0.0
2003-06-29,0.0,0.0,11.0,24.0,0.0
2003-06-30,3.2,30.38633346557617,10.5,25.5,-27.18633346557617
2003-07-01,6.2,0.0,10.0,24.5,6.2
2003-07-02,2.3,8.561674118041992,11.0,25.0,-6.261674118041992
2003-07-03,32.5,8.561674118041992,11.0,25.0,23.938325881958008
2003-07-04,0.0,25.685022354125977,9.0,23.0,-25.685022354125977
2003-07-05,0.0,8.561674118041992,10.0,24.0,-8.561674118041992
2003-07-06,1.5,0.0,11.0,25.0,1.5
2003-07-07,4.3,0.0,10.0,22.0,4.3
2003-07-08,7.2,36.81647109985352,10.0,23.0,-29.616471099853523
2003-07-09,0.0,0.0,9.0,24.0,0.0
2003-07-10,0.0,0.0,8.0,23.0,0.0
2003-07-11,0.0,0.0,9.0,24.0,0.0
2003-07-12,0.0,0.0,9.0,23.0,0.0
2003-07-13,0.0,0.0,10.0,23.0,0.0
2003-07-14,0.0,0.0,11.0,24.0,0.0
2003-07-15,0.0,0.0,11.0,23.0,0.0
2003-07-16,1.2,10.00167465209961,12.0,22.0,-8.80167465209961
2003-07-17,0.3,0.0,10.0,23.0,0.3
2003-07-18,0.0,0.0,11.0,23.0,0.0
2003-07-19,0.0,0.0,10.0,24.0,0.0
2003-07-20,0.7,0.0,9.0,23.0,0.7
2003-07-21,0.0,0.0,9.0,24.0,0.0
2003-07-22,0.0,0.0,9.0,26.0,0.0
2003-07-23,1.5,7.054013252258301,10.0,23.0,-5.554013252258301
2003-07-24,0.0,0.0,10.0,28.0,0.0
2003-07-25,0.0,0.0,11.0,26.0,0.0
2003-07-26,3.2,0.0,10.0,23.0,3.2
2003-07-27,0.0,6.132838726043701,9.0,24.0,-6.132838726043701
2003-07-28,0.0,0.0,10.0,29.0,0.0
2003-07-29,5.2,6.132838726043701,10.0,23.0,-0.932838726043701
2003-07-30,0.0,0.0,11.0,24.0,0.0
2003-07-31,0.0,0.0,10.0,23.0,0.0
2003-08-01,5.6,17.934812545776367,12.0,24.5,-12.334812545776368
2003-08-02,0.0,5.978271007537842,12.0,26.5,-5.978271007537842
2003-08-03,0.0,0.0,11.0,25.0,0.0
2003-08-04,3.5,0.0,10.0,24.0,3.5
2003-08-05,0.0,0.0,10.0,25.0,0.0
2003-08-06,0.0,0.0,9.0,28.0,0.0
2003-08-07,12.5,18.56550407409668,10.0,25.5,-6.06550407409668
2003-08-08,0.0,0.0,11.0,26.0,0.0
2003-08-09,26.5,9.28275203704834,10.0,24.0,17.21724796295166
2003-08-10,5.2,9.28275203704834,9.0,25.0,-4.08275203704834
2003-08-11,0.0,15.588610649108888,8.0,28.0,-15.588610649108888
2003-08-12,6.5,0.0,8.0,27.0,6.5
2003-08-13,36.9,7.794305324554443,9.0,25.0,29.105694675445555
2003-08-14,7.5,0.0,8.0,26.0,7.5
2003-08-15,0.0,7.794305324554443,9.0,25.0,-7.794305324554443
2003-08-16,4.3,0.0,6.0,24.0,4.3
2003-08-17,0.0,0.0,7.0,25.0,0.0
2003-08-18,0.0,0.0,5.0,26.0,0.0
2003-08-19,7.8,23.24335289001465,6.0,25.0,-15.443352890014648
2003-08-20,0.0,11.621676445007324,8.0,25.0,-11.621676445007324
2003-08-21,7.9,19.32157325744629,8.0,26.0,-11.421573257446289
2003-08-22,9.5,0.0,9.0,22.0,9.5
2003-08-23,26.5,19.32157325744629,8.0,23.0,7.178426742553711
2003-08-24,16.4,0.0,9.0,25.0,16.4
2003-08-25,0.0,0.0,9.0,24.0,0.0
2003-08-26,6.7,0.0,7.0,25.0,6.7
2003-08-27,9.1,13.347451210021973,8.0,25.0,-4.247451210021973
2003-08-28,5.5,23.35803985595703,8.0,23.0,-17.85803985595703
2003-08-29,0.0,13.347451210021973,8.0,24.0,-13.347451210021973
2003-08-30,0.0,0.0,7.0,25.0,0.0
2003-08-31,29.4,0.0,9.0,26.0,29.4
2003-09-01,13.5,33.32599258422852,9.5,27.5,-19.825992584228523
2003-09-02,0.0,16.662996292114258,10.5,28.5,-16.662996292114258
2003-09-03,18.2,0.0,11.0,27.0,18.2
2003-09-04,31.6,29.16024208068848,9.5,26.0,2.4397579193115213
2003-09-05,30.0,14.580121040344238,10.0,26.5,15.419878959655762
2003-09-06,5.5,0.0,11.0,27.5,5.5
2003-09-07,33.2,0.0,9.0,28.0,33.2
2003-09-08,3.5,0.0,8.0,26.0,3.5
2003-09-09,0.8,0.0,7.0,26.0,0.8
2003-09-10,0.0,40.63156509399414,9.0,27.0,-40.63156509399414
2003-09-11,13.5,9.45207405090332,10.0,25.0,4.04792594909668
2003-09-12,13.6,9.45207405090332,9.0,25.0,4.147925949096679
2003-09-13,0.0,0.0,9.0,25.0,0.0
2003-09-14,0.0,0.0,11.0,24.0,0.0
2003-09-15,0.0,0.0,9.0,26.0,0.0
2003-09-16,6.4,0.0,10.0,24.0,6.4
2003-09-17,11.2,0.0,9.0,25.0,11.2
2003-09-18,5.2,32.91505813598633,10.0,26.0,-27.71505813598633
2003-09-19,7.1,0.0,9.0,25.0,7.1
2003-09-20,1.2,0.0,9.0,26.0,1.2
2003-09-21,0.0,18.046600341796875,9.0,25.0,-18.046600341796875
2003-09-22,7.4,0.0,8.0,26.0,7.4
2003-09-23,3.5,18.046600341796875,7.0,26.0,-14.546600341796875
2003-09-24,0.3,0.0,8.0,24.0,0.3
2003-09-25,36.4,18.046600341796875,7.0,26.5,18.353399658203124
2003-09-26,4.2,28.239013671875,9.0,24.0,-24.039013671875
2003-09-27,29.8,14.1195068359375,8.0,25.0,15.6804931640625
2003-09-28,16.4,7.05975341796875,9.0,26.0,9.340246582031249
2003-09-29,9.8,14.1195068359375,8.0,24.0,-4.319506835937499
2003-09-30,0.0,0.0,9.0,26.0,0.0
2003-10-01,0.0,0.0,10.5,25.5,0.0
2003-10-02,0.0,0.0,9.5,24.0,0.0
2003-10-03,12.5,0.0,9.0,25.0,12.5
2003-10-04,11.2,27.96819877624512,8.5,25.0,-16.76819877624512
2003-10-05,31.6,13.98409938812256,10.0,24.0,17.615900611877443
2003-10-06,1.8,14.112387657165527,10.0,25.0,-12.312387657165527
2003-10-07,9.1,14.112387657165527,9.5,23.0,-5.012387657165528
2003-10-08,5.6,0.0,8.5,22.0,5.6
2003-10-09,0.0,14.112387657165527,10.0,24.0,-14.112387657165527
2003-10-10,29.1,0.0,11.0,22.0,29.1
2003-10-11,0.0,14.07260513305664,9.5,23.0,-14.07260513305664
2003-10-12,4.5,7.03630256652832,9.5,23.0,-2.5363025665283203
2003-10-13,28.1,7.03630256652832,9.5,24.0,21.06369743347168
2003-10-14,0.1,0.0,9.0,25.0,0.1
2003-10-15,0.0,7.03630256652832,8.0,23.0,-7.03630256652832
2003-10-16,0.0,0.0,9.0,24.0,0.0
2003-10-17,13.2,0.0,10.0,23.0,13.2
2003-10-18,0.0,0.0,8.0,25.0,0.0
2003-10-19,14.5,0.0,10.0,24.0,14.5
2003-10-20,0.0,0.0,10.0,25.0,0.0
2003-10-21,0.0,0.0,11.0,24.0,0.0
2003-10-22,0.0,0.0,12.0,25.0,0.0
2003-10-23,1.0,0.0,11.0,24.0,1.0
2003-10-24,0.0,0.0,11.0,23.0,0.0
2003-10-25,0.0,0.0,11.0,24.0,0.0
2003-10-26,0.0,0.0,9.0,23.0,0.0
2003-10-27,0.0,0.0,10.0,24.0,0.0
2003-10-28,0.0,0.0,9.0,25.0,0.0
2003-10-29,0.0,0.0,10.0,23.0,0.0
2003-10-30,0.0,0.0,10.0,24.0,0.0
2003-10-31,3.1,0.0,9.0,24.5,3.1
2003-11-01,11.2,9.495356559753418,9.5,25.0,1.7046434402465813
2003-11-02,5.1,0.0,10.0,24.0,5.1
2003-11-03,0.0,0.0,11.0,23.0,0.0
2003-11-04,0.0,0.0,10.0,24.0,0.0
2003-11-05,0.0,0.0,9.0,25.0,0.0
2003-11-06,0.0,0.0,9.5,23.0,0.0
2003-11-07,0.0,0.0,9.0,21.0,0.0
2003-11-08,0.0,0.0,10.0,20.0,0.0
2003-11-09,0.0,0.0,9.5,20.0,0.0
2003-11-10,0.0,0.0,9.5,25.0,0.0
2003-11-11,0.0,0.0,9.0,24.0,0.0
2003-11-12,0.0,0.0,9.5,23.0,0.0
2003-11-13,0.0,0.0,6.5,25.0,0.0
2003-11-14,0.0,0.0,6.5,23.0,0.0
2003-11-15,0.0,0.0,7.5,22.0,0.0
2003-11-16,0.0,0.0,8.5,21.0,0.0
2003-11-17,0.0,0.0,7.5,21.0,0.0
2003-11-18,0.0,0.0,9.5,22.0,0.0
2003-11-19,0.0,0.0,10.0,23.0,0.0
2003-11-20,0.0,0.0,9.0,24.0,0.0
2003-11-21,0.0,0.0,8.5,23.0,0.0
2003-11-22,0.0,0.0,9.0,22.0,0.0
2003-11-23,0.0,0.0,8.0,21.0,0.0
2003-11-24,0.0,0.0,9.0,20.0,0.0
2003-11-25,0.0,0.0,10.0,21.0,0.0
2003-11-26,0.0,0.0,9.0,20.0,0.0
2003-11-27,0.0,0.0,9.0,23.0,0.0
2003-11-28,0.0,0.0,10.0,22.0,0.0
2003-11-29,0.0,0.0,10.0,22.0,0.0
2003-11-30,0.0,0.0,8.0,21.0,0.0
2003-12-01,0.0,0.0,3.0,20.0,0.0
2003-12-02,0.0,0.0,1.0,19.0,0.0
2003-12-03,0.0,0.0,2.0,18.0,0.0
2003-12-04,0.0,0.0,0.0,17.0,0.0
2003-12-05,0.0,0.0,0.0,17.0,0.0
2003-12-06,0.0,0.0,0.0,16.0,0.0
2003-12-07,0.0,0.0,0.0,15.0,0.0
2003-12-08,0.0,0.0,1.0,14.0,0.0
2003-12-09,0.0,0.0,0.0,19.0,0.0
2003-12-10,0.0,0.8748666644096375,1.0,14.0,-0.8748666644096375
2003-12-11,0.0,0.0,4.0,17.0,0.0
2003-12-12,0.0,0.0,1.0,16.0,0.0
2003-12-13,0.0,0.0,2.0,17.0,0.0
2003-12-14,0.0,0.0,3.0,18.0,0.0
2003-12-15,0.0,0.0,3.0,18.0,0.0
2003-12-16,0.0,0.0,5.0,17.0,0.0
2003-12-17,0.0,0.0,1.0,18.0,0.0
2003-12-18,0.0,0.0,1.0,15.0,0.0
2003-12-19,0.0,0.0,2.0,17.0,0.0
2003-12-20,0.0,0.0,3.0,17.0,0.0
2003-12-21,0.0,0.0,-1.0,15.0,0.0
2003-12-22,0.0,0.0,-3.0,15.0,0.0
2003-12-23,0.0,0.0,-3.0,16.0,0.0
2003-12-24,0.0,0.0,-2.0,17.0,0.0
2003-12-25,0.0,1.1913588047027588,2.0,15.0,-1.1913588047027588
2003-12-26,0.0,0.0,0.0,16.0,0.0
2003-12-27,0.0,0.0,0.0,19.0,0.0
2003-12-28,0.0,0.0,2.0,19.0,0.0
2003-12-29,0.0,0.0,2.0,19.0,0.0
2003-12-30,0.0,0.956281840801239,3.0,17.0,-0.956281840801239
2003-12-31,0.0,0.0,2.0,18.0,0.0
2004-01-01,0.0,0.0,2.0,18.0,0.0
2004-01-02,0.0,0.0,0.0,18.0,0.0
2004-01-03,0.0,0.0,0.0,19.0,0.0
2004-01-04,0.0,0.0,2.0,17.0,0.0
2004-01-05,0.0,0.0,1.0,19.0,0.0
2004-01-06,0.0,0.0,2.0,19.0,0.0
2004-01-07,0.0,0.0,0.0,18.0,0.0
2004-01-08,0.0,0.0,1.0,19.0,0.0
2004-01-09,0.0,0.0,2.0,18.0,0.0
2004-01-10,2.0,7.651523590087891,3.0,15.0,-5.651523590087891
2004-01-11,0.0,0.0,1.0,15.0,0.0
2004-01-12,0.0,0.0,0.0,16.0,0.0
2004-01-13,0.0,0.0,-1.0,19.0,0.0
2004-01-14,0.0,0.0,-1.0,15.0,0.0
2004-01-15,0.0,0.0,3.0,16.0,0.0
2004-01-16,0.0,5.004394054412842,4.0,16.0,-5.004394054412842
2004-01-17,0.0,0.0,4.0,15.0,0.0
2004-01-18,0.0,0.0,0.0,15.0,0.0
2004-01-19,0.0,0.0,0.0,14.0,0.0
2004-01-20,0.0,0.0,-1.0,15.0,0.0
2004-01-21,0.0,0.0,0.0,16.0,0.0
2004-01-22,0.0,0.0,0.0,19.0,0.0
2004-01-23,0.0,0.0,1.0,17.0,0.0
2004-01-24,0.0,0.0,1.0,16.0,0.0
2004-01-25,0.0,0.0,2.0,16.0,0.0
2004-01-26,26.0,0.0,5.0,15.0,26.0
2004-01-27,0.0,0.0,1.0,17.0,0.0
2004-01-28,0.0,0.0,2.0,16.0,0.0
2004-01-29,0.0,0.0,4.0,15.0,0.0
2004-01-30,22.0,0.0,2.0,14.0,22.0
2004-01-31,0.0,4.3686699867248535,-1.0,14.0,-4.3686699867248535
2004-02-01,0.0,0.0,-2.0,15.0,0.0
2004-02-02,0.0,0.0,-3.0,18.0,0.0
2004-02-03,0.0,0.0,-2.0,18.0,0.0
2004-02-04,0.0,0.0,2.0,16.0,0.0
2004-02-05,0.0,0.0,2.0,17.0,0.0
2004-02-06,0.0,0.0,2.0,19.0,0.0
2004-02-07,0.0,0.0,4.0,19.0,0.0
2004-02-08,0.0,0.0,1.0,18.0,0.0
2004-02-09,0.0,0.0,2.0,20.0,0.0
2004-02-10,0.0,0.0,2.0,21.0,0.0
2004-02-11,0.0,0.0,3.0,19.0,0.0
2004-02-12,0.0,1.7369722127914429,4.0,18.0,-1.7369722127914429
2004-02-13,0.0,0.0,3.0,19.0,0.0
2004-02-14,0.0,0.0,4.0,19.0,0.0
2004-02-15,0.0,0.0,2.0,18.0,0.0
2004-02-16,0.0,0.0,1.0,19.0,0.0
2004-02-17,0.0,0.0,1.0,19.0,0.0
2004-02-18,0.0,0.0,-1.0,17.0,0.0
2004-02-19,0.0,0.0,1.0,19.0,0.0
2004-02-20,0.0,0.0,0.0,19.0,0.0
2004-02-21,0.0,0.0,1.0,20.0,0.0
2004-02-22,0.0,0.0,3.0,20.0,0.0
2004-02-23,0.0,0.0,4.0,21.0,0.0
2004-02-24,0.0,0.0,5.0,21.0,0.0
2004-02-25,0.0,0.0,5.0,20.0,0.0
2004-02-26,0.0,0.0,2.0,19.0,0.0
2004-02-27,0.0,0.0,-1.0,20.0,0.0
2004-02-28,0.0,0.0,1.0,21.0,0.0
2004-02-29,0.0,0.0,1.0,21.0,0.0
2004-03-01,0.0,0.0,6.0,21.0,0.0
2004-03-02,0.0,0.0,3.0,21.0,0.0
2004-03-03,0.0,0.0,4.0,23.0,0.0
2004-03-04,0.0,0.0,6.0,22.0,0.0
2004-03-05,0.0,0.0,6.0,21.0,0.0
2004-03-06,0.0,0.0,5.0,23.0,0.0
2004-03-07,0.0,0.0,4.0,24.0,0.0
2004-03-08,0.0,0.0,2.0,24.0,0.0
2004-03-09,0.0,0.0,1.0,21.0,0.0
2004-03-10,0.0,0.0,2.0,21.0,0.0
2004-03-11,0.0,0.0,2.0,19.0,0.0
2004-03-12,0.0,0.0,3.0,21.0,0.0
2004-03-13,0.0,0.0,5.0,20.0,0.0
2004-03-14,0.5,0.0,4.0,20.0,0.5
2004-03-15,0.0,0.0,5.0,21.0,0.0
2004-03-16,0.0,0.0,5.0,24.0,0.0
2004-03-17,0.0,0.0,7.0,21.0,0.0
2004-03-18,0.0,0.0,6.0,23.0,0.0
2004-03-19,0.0,2.502908706665039,5.0,23.0,-2.502908706665039
2004-03-20,0.0,0.0,4.0,23.0,0.0
2004-03-21,0.0,0.0,2.0,21.0,0.0
2004-03-22,0.0,0.0,4.0,21.0,0.0
2004-03-23,0.0,0.0,6.0,20.0,0.0
2004-03-24,0.0,0.0,7.0,19.0,0.0
2004-03-25,0.5,0.0,5.0,19.0,0.5
2004-03-26,0.0,0.0,3.0,22.0,0.0
2004-03-27,0.0,0.0,3.0,19.0,0.0
2004-03-28,0.0,0.0,3.0,22.0,0.0
2004-03-29,3.5,2.058422327041626,3.0,20.0,1.441577672958374
2004-03-30,10.0,2.058422327041626,5.0,19.0,7.941577672958374
2004-03-31,0.0,6.175267696380615,4.0,19.0,-6.175267696380615
2004-04-01,0.0,6.181609630584717,5.0,18.0,-6.181609630584717
2004-04-02,0.0,0.0,3.0,19.0,0.0
2004-04-03,0.0,0.0,3.0,21.0,0.0
2004-04-04,3.0,0.0,4.0,20.0,3.0
2004-04-05,6.4,2.704454183578491,6.0,20.0,3.695545816421509
2004-04-06,0.0,0.0,5.0,20.0,0.0
2004-04-07,0.0,1.3616656064987185,6.0,21.0,-1.3616656064987185
2004-04-08,0.0,1.1914572715759275,6.0,22.0,-1.1914572715759275
2004-04-09,0.0,0.0,8.0,23.0,0.0
2004-04-10,0.0,0.0,5.0,24.0,0.0
2004-04-11,0.0,0.0,5.0,23.0,0.0
2004-04-12,0.0,0.0,5.0,23.0,0.0
2004-04-13,0.0,0.0,5.0,24.0,0.0
2004-04-14,0.0,0.0,4.0,22.0,0.0
2004-04-15,0.0,0.0,5.0,23.0,0.0
2004-04-16,0.0,0.0,7.0,24.0,0.0
2004-04-17,0.0,2.784860610961914,5.0,25.0,-2.784860610961914
2004-04-18,0.0,0.0,6.0,24.0,0.0
2004-04-19,0.0,0.0,2.0,23.0,0.0
2004-04-20,0.0,0.0,1.0,23.0,0.0
2004-04-21,0.0,0.0,2.0,24.0,0.0
2004-04-22,0.0,4.470372200012207,6.0,24.0,-4.470372200012207
2004-04-23,0.0,0.0,5.0,23.0,0.0
2004-04-24,0.0,0.0,4.0,24.0,0.0
2004-04-25,0.0,0.0,5.0,24.0,0.0
2004-04-26,1.5,0.0,6.0,26.0,1.5
2004-04-27,5.4,4.689015865325928,6.0,22.0,0.7109841346740726
2004-04-28,0.0,2.344507932662964,4.0,21.0,-2.344507932662964
2004-04-29,2.8,0.0,5.0,19.0,2.8
2004-04-30,0.0,0.0,5.0,20.0,0.0
2004-05-01,0.0,0.0,6.0,24.0,0.0
2004-05-02,6.0,0.0,8.0,20.0,6.0
2004-05-03,20.5,14.755223274230955,6.0,18.0,5.744776725769045
2004-05-04,0.0,0.0,5.0,18.0,0.0
2004-05-05,0.0,19.67363166809082,5.0,18.0,-19.67363166809082
2004-05-06,2.0,0.0,7.0,22.0,2.0
2004-05-07,1.0,4.068737030029297,6.0,23.0,-3.068737030029297
2004-05-08,5.4,0.0,6.0,21.0,5.4
2004-05-09,0.3,4.068737030029297,7.0,20.0,-3.768737030029297
2004-05-10,0.0,4.068737030029297,8.0,22.0,-4.068737030029297
2004-05-11,0.0,0.0,7.0,24.0,0.0
2004-05-12,0.0,0.0,7.0,20.0,0.0
2004-05-13,3.0,6.026440143585205,7.0,23.0,-3.026440143585205
2004-05-14,9.0,6.026440143585205,6.0,21.0,2.973559856414795
2004-05-15,0.0,0.0,4.0,21.0,0.0
2004-05-16,0.0,0.0,4.0,21.0,0.0
2004-05-17,0.0,0.0,5.0,20.0,0.0
2004-05-18,7.5,0.0,6.0,22.0,7.5
2004-05-19,0.0,0.0,8.0,19.0,0.0
2004-05-20,0.0,0.0,6.0,19.0,0.0
2004-05-21,38.5,0.0,7.0,21.0,38.5
2004-05-22,0.0,0.0,8.0,20.0,0.0
2004-05-23,5.0,0.0,8.0,20.0,5.0
2004-05-24,0.0,0.0,4.0,23.0,0.0
2004-05-25,0.0,0.0,6.0,23.0,0.0
2004-05-26,0.0,0.0,9.0,21.0,0.0
2004-05-27,0.0,0.0,10.0,20.0,0.0
2004-05-28,5.0,0.0,9.0,22.0,5.0
2004-05-29,2.8,14.455207824707031,9.0,24.0,-11.65520782470703
2004-05-30,1.5,14.455207824707031,8.0,22.0,-12.955207824707031
2004-05-31,51.0,0.0,7.0,20.0,51.0
2004-06-01,12.0,22.00794982910156,9.0,17.0,-10.007949829101559
2004-06-02,34.5,0.0,10.0,18.0,34.5
2004-06-03,7.0,0.0,10.0,19.0,7.0
2004-06-04,0.0,11.00397491455078,11.0,17.0,-11.00397491455078
2004-06-05,0.0,0.0,10.0,17.0,0.0
2004-06-06,6.4,0.0,8.0,19.0,6.4
2004-06-07,28.0,14.839073181152344,9.0,17.0,13.160926818847656
2004-06-08,2.5,14.839073181152344,10.0,17.0,-12.339073181152344
2004-06-09,39.0,0.0,8.0,19.0,39.0
2004-06-10,33.0,44.51721954345703,9.0,18.0,-11.517219543457031
2004-06-11,4.0,11.001726150512695,8.0,17.0,-7.001726150512695
2004-06-12,1.5,11.001726150512695,8.0,17.0,-9.501726150512695
2004-06-13,15.0,0.0,9.0,18.0,15.0
2004-06-14,0.0,16.50259017944336,6.0,17.0,-16.50259017944336
2004-06-15,3.5,0.0,9.0,21.0,3.5
2004-06-16,17.0,9.871289253234863,10.0,19.0,7.128710746765137
2004-06-17,1.0,19.742578506469727,9.0,19.0,-18.742578506469727
2004-06-18,0.0,0.0,6.0,20.0,0.0
2004-06-19,0.0,0.0,7.0,21.0,0.0
2004-06-20,0.0,0.0,7.0,20.0,0.0
2004-06-21,2.0,0.0,7.0,19.0,2.0
2004-06-22,1.0,0.0,7.0,19.0,1.0
2004-06-23,0.0,19.787181854248047,8.0,19.0,-19.787181854248047
2004-06-24,20.0,13.19145393371582,9.0,17.0,6.80854606628418
2004-06-25,1.5,13.19145393371582,9.0,19.0,-11.69145393371582
2004-06-26,14.0,0.0,6.0,18.0,14.0
2004-06-27,12.0,12.541908264160156,6.0,19.0,-0.5419082641601562
2004-06-28,0.0,0.0,7.0,19.0,0.0
2004-06-29,0.0,12.541908264160156,8.0,21.0,-12.541908264160156
2004-06-30,0.0,0.0,8.0,20.0,0.0
2004-07-01,0.0,0.0,8.0,21.0,0.0
2004-07-02,31.0,0.0,6.0,21.0,31.0
2004-07-03,1.5,0.0,7.0,20.0,1.5
2004-07-04,1.0,21.29078483581543,7.0,17.0,-20.29078483581543
2004-07-05,1.5,0.0,6.0,18.0,1.5
2004-07-06,14.0,15.96062469482422,8.0,19.0,-1.9606246948242205
2004-07-07,20.0,7.980312347412109,7.0,19.0,12.01968765258789
2004-07-08,9.5,7.980312347412109,7.0,19.0,1.5196876525878906
2004-07-09,0.0,7.980312347412109,8.0,20.0,-7.980312347412109
2004-07-10,10.0,0.0,8.0,20.0,10.0
2004-07-11,29.5,0.0,5.0,16.0,29.5
2004-07-12,0.0,27.650590896606445,6.0,17.0,-27.650590896606445
2004-07-13,0.0,0.0,8.0,19.0,0.0
2004-07-14,1.5,0.0,3.0,19.0,1.5
2004-07-15,0.0,0.0,6.0,18.0,0.0
2004-07-16,0.0,0.0,7.0,18.0,0.0
2004-07-17,21.0,10.49517059326172,8.0,19.0,10.50482940673828
2004-07-18,25.0,0.0,6.0,18.0,25.0
2004-07-19,0.0,10.49517059326172,7.0,16.0,-10.49517059326172
2004-07-20,0.0,10.49517059326172,8.0,19.0,-10.49517059326172
2004-07-21,14.0,10.297795295715332,9.0,18.0,3.702204704284668
2004-07-22,13.0,20.595590591430664,8.0,19.0,-7.595590591430664
2004-07-23,17.0,0.0,8.0,16.0,17.0
2004-07-24,8.5,10.297795295715332,9.0,19.0,-1.797795295715332
2004-07-25,0.0,0.0,7.0,16.0,0.0
2004-07-26,17.5,0.0,6.0,19.0,17.5
2004-07-27,13.0,17.043907165527344,7.0,17.0,-4.043907165527344
2004-07-28,0.0,17.043907165527344,9.0,19.0,-17.043907165527344
2004-07-29,0.0,0.0,6.0,18.0,0.0
2004-07-30,0.0,0.0,7.0,19.0,0.0
2004-07-31,0.0,0.0,7.0,17.0,0.0
2004-08-01,2.5,0.0,7.0,19.0,2.5
2004-08-02,26.0,0.0,7.0,18.0,26.0
2004-08-03,17.4,0.0,10.0,19.0,17.4
2004-08-04,8.0,50.376094818115234,10.0,20.0,-42.376094818115234
2004-08-05,0.0,0.0,9.0,21.0,0.0
2004-08-06,2.5,8.416089057922363,7.0,20.0,-5.916089057922363
2004-08-07,2.5,8.416089057922363,7.0,18.0,-5.916089057922363
2004-08-08,0.0,0.0,8.0,20.0,0.0
2004-08-09,0.0,8.416089057922363,8.0,20.0,-8.416089057922363
2004-08-10,1.0,0.0,8.0,19.0,1.0
2004-08-11,0.0,4.50072717666626,7.0,21.0,-4.50072717666626
2004-08-12,1.5,4.50072717666626,7.0,19.0,-3.0007271766662598
2004-08-13,11.5,9.00145435333252,8.0,17.0,2.4985456466674805
2004-08-14,0.0,0.0,8.0,21.0,0.0
2004-08-15,0.0,0.0,8.0,18.0,0.0
2004-08-16,0.0,0.0,8.0,20.0,0.0
2004-08-17,0.0,0.0,6.0,20.0,0.0
2004-08-18,4.3,0.0,7.0,20.0,4.3
2004-08-19,0.0,0.0,6.0,21.0,0.0
2004-08-20,22.5,0.0,6.0,21.0,22.5
2004-08-21,0.0,10.030168533325195,9.0,18.0,-10.030168533325195
2004-08-22,25.4,10.030168533325195,7.0,21.0,15.369831466674803
2004-08-23,2.5,0.0,6.0,19.0,2.5
2004-08-24,0.0,0.0,6.0,19.0,0.0
2004-08-25,0.0,10.030168533325195,6.0,21.0,-10.030168533325195
2004-08-26,0.0,0.0,5.0,20.0,0.0
2004-08-27,19.0,0.0,5.0,20.0,19.0
2004-08-28,2.5,0.0,8.0,18.0,2.5
2004-08-29,6.4,0.0,8.0,19.0,6.4
2004-08-30,0.4,30.704212188720703,8.0,18.0,-30.304212188720705
2004-08-31,0.0,0.0,9.0,19.0,0.0
2004-09-01,0.0,0.0,8.0,21.0,0.0
2004-09-02,0.0,0.0,7.0,20.0,0.0
2004-09-03,0.0,0.0,7.0,17.0,0.0
2004-09-04,21.0,18.95174789428711,9.0,16.0,2.0482521057128906
2004-09-05,7.0,9.475873947143556,9.0,16.0,-2.4758739471435565
2004-09-06,0.0,6.196351528167725,8.0,16.0,-6.196351528167725
2004-09-07,2.0,0.0,7.0,16.0,2.0
2004-09-08,2.0,12.39270305633545,7.0,16.0,-10.39270305633545
2004-09-09,1.0,6.196351528167725,7.0,18.0,-5.196351528167725
2004-09-10,7.0,6.196351528167725,7.0,16.0,0.8036484718322754
2004-09-11,0.0,0.0,6.0,18.0,0.0
2004-09-12,0.8,0.0,6.0,19.0,0.8
2004-09-13,2.5,14.68443775177002,7.0,17.0,-12.18443775177002
2004-09-14,2.5,0.0,8.0,18.0,2.5
2004-09-15,0.0,0.0,8.0,19.0,0.0
2004-09-16,0.0,21.1735897064209,8.0,20.0,-21.1735897064209
2004-09-17,30.0,0.0,9.0,19.0,30.0
2004-09-18,31.0,21.1735897064209,9.0,18.0,9.826410293579102
2004-09-19,29.0,21.1735897064209,5.0,19.0,7.826410293579102
2004-09-20,60.0,21.1735897064209,5.0,16.0,38.8264102935791
2004-09-21,7.0,0.0,8.0,16.0,7.0
2004-09-22,17.5,0.0,7.0,16.0,17.5
2004-09-23,14.5,8.476828575134277,7.0,17.0,6.023171424865723
2004-09-24,0.5,0.0,7.0,16.0,0.5
2004-09-25,1.5,0.0,8.0,16.0,1.5
2004-09-26,22.0,7.391703128814697,8.0,16.0,14.608296871185303
2004-09-27,4.0,8.447661399841309,8.0,16.0,-4.447661399841309
2004-09-28,1.5,14.783406257629396,8.0,17.0,-13.283406257629396
2004-09-29,11.5,22.17510986328125,8.0,16.0,-10.67510986328125
2004-09-30,0.0,7.391703128814697,7.0,16.0,-7.391703128814697
2004-10-01,0.0,7.324182510375977,5.0,19.0,-7.324182510375977
2004-10-02,1.3,0.0,6.0,19.0,1.3
2004-10-03,0.0,0.0,5.0,20.0,0.0
2004-10-04,0.0,0.0,6.0,18.0,0.0
2004-10-05,0.0,0.0,6.0,18.0,0.0
2004-10-06,11.0,0.0,7.0,18.0,11.0
2004-10-07,2.0,11.82819366455078,9.0,18.0,-9.82819366455078
2004-10-08,27.0,11.82819366455078,6.0,15.0,15.17180633544922
2004-10-09,1.5,35.484580993652344,6.0,16.0,-33.984580993652344
2004-10-10,1.0,0.0,9.0,17.0,1.0
2004-10-11,6.0,0.0,8.0,16.0,6.0
2004-10-12,16.0,0.0,8.0,14.0,16.0
2004-10-13,2.5,0.0,8.0,14.0,2.5
2004-10-14,0.0,0.0,8.0,18.0,0.0
2004-10-15,47.0,0.0,7.0,17.0,47.0
2004-10-16,0.0,8.392707824707031,7.0,16.0,-8.392707824707031
2004-10-17,0.0,0.0,8.0,18.0,0.0
2004-10-18,0.0,0.0,8.0,20.0,0.0
2004-10-19,0.0,0.0,6.0,20.0,0.0
2004-10-20,0.0,0.0,7.0,21.0,0.0
2004-10-21,0.0,0.0,6.0,20.0,0.0
2004-10-22,0.0,0.0,6.0,20.0,0.0
2004-10-23,12.0,0.0,5.0,18.0,12.0
2004-10-24,0.0,0.0,5.0,19.0,0.0
2004-10-25,0.0,0.0,5.0,18.0,0.0
2004-10-26,0.0,0.0,5.0,17.0,0.0
2004-10-27,0.0,9.52826976776123,6.0,18.0,-9.52826976776123
2004-10-28,0.0,0.0,5.0,20.0,0.0
2004-10-29,0.0,0.0,5.0,19.0,0.0
2004-10-30,0.0,0.0,5.0,19.0,0.0
2004-10-31,0.0,0.0,6.0,18.5,0.0
2004-11-01,0.0,4.068281650543213,7.0,19.0,-4.068281650543213
2004-11-02,3.5,0.0,8.0,19.0,3.5
2004-11-03,0.0,0.0,7.0,21.0,0.0
2004-11-04,0.0,2.821550130844116,8.0,19.0,-2.821550130844116
2004-11-05,0.0,0.0,7.0,20.0,0.0
2004-11-06,0.0,0.0,9.0,19.0,0.0
2004-11-07,0.0,0.0,7.0,18.0,0.0
2004-11-08,0.0,0.0,8.0,17.0,0.0
2004-11-09,0.0,0.0,7.0,18.0,0.0
2004-11-10,0.0,0.0,7.0,19.0,0.0
2004-11-11,0.0,0.0,7.0,18.0,0.0
2004-11-12,0.0,0.0,8.0,19.0,0.0
2004-11-13,0.0,0.0,6.5,17.0,0.0
2004-11-14,0.0,0.0,5.0,18.0,0.0
2004-11-15,0.0,0.0,6.0,17.0,0.0
2004-11-16,0.0,0.0,4.0,18.0,0.0
2004-11-17,0.0,0.0,5.0,17.0,0.0
2004-11-18,0.0,0.0,6.0,18.0,0.0
2004-11-19,0.0,0.0,4.0,17.0,0.0
2004-11-20,0.0,0.0,5.0,18.0,0.0
2004-11-21,0.0,0.0,6.0,18.0,0.0
2004-11-22,0.0,0.0,7.0,19.0,0.0
2004-11-23,0.0,0.0,6.0,20.0,0.0
2004-11-24,0.0,0.0,7.0,21.0,0.0
2004-11-25,0.0,0.0,6.0,19.0,0.0
2004-11-26,0.0,0.0,6.0,18.0,0.0
2004-11-27,0.0,0.0,8.0,17.0,0.0
2004-11-28,0.0,0.0,7.0,18.0,0.0
2004-11-29,0.0,0.0,6.0,18.0,0.0
2004-11-30,0.0,0.0,7.0,21.0,0.0
2004-12-01,0.0,0.0,5.0,20.0,0.0
2004-12-02,0.0,0.0,6.0,19.0,0.0
2004-12-03,0.0,0.0,4.0,19.0,0.0
2004-12-04,0.0,0.0,2.0,18.0,0.0
2004-12-05,0.0,0.0,-1.0,18.0,0.0
2004-12-06,0.0,0.0,1.0,18.0,0.0
2004-12-07,0.0,0.0,1.0,18.0,0.0
2004-12-08,0.0,0.0,1.0,18.0,0.0
2004-12-09,0.0,0.0,2.0,20.0,0.0
2004-12-10,0.0,0.0,2.0,18.0,0.0
2004-12-11,0.0,0.0,1.0,18.0,0.0
2004-12-12,0.0,0.0,0.0,19.0,0.0
2004-12-13,0.0,0.0,-1.0,16.0,0.0
2004-12-14,0.0,0.0,1.0,14.0,0.0
2004-12-15,0.0,0.0,0.0,14.0,0.0
2004-12-16,0.0,0.0,1.0,16.0,0.0
2004-12-17,0.0,0.0,1.0,16.0,0.0
2004-12-18,0.0,0.0,1.0,16.0,0.0
2004-12-19,0.0,0.0,1.0,14.0,0.0
2004-12-20,0.0,0.0,1.0,14.0,0.0
2004-12-21,0.0,0.0,1.0,17.0,0.0
2004-12-22,0.0,0.0,4.0,18.0,0.0
2004-12-23,0.0,0.0,1.0,19.0,0.0
2004-12-24,0.0,0.0,3.0,17.0,0.0
2004-12-25,0.0,0.0,5.0,16.0,0.0
2004-12-26,0.0,0.0,2.0,18.0,0.0
2004-12-27,0.0,0.0,-1.0,17.0,0.0
2004-12-28,0.0,0.0,-1.0,16.0,0.0
2004-12-29,0.0,0.0,-3.0,16.0,0.0
2004-12-30,0.0,0.0,-4.0,16.0,0.0
2004-12-31,0.0,0.0,-3.0,17.0,0.0
2005-01-01,0.0,0.0,7.0,28.0,0.0
2005-01-02,0.0,0.0,8.0,26.0,0.0
2005-01-03,0.0,0.0,8.5,29.5,0.0
2005-01-04,0.0,0.0,7.0,29.0,0.0
2005-01-05,0.0,0.0,7.5,29.0,0.0
2005-01-06,0.0,0.0,9.0,28.0,0.0
2005-01-07,0.0,0.0,7.0,29.0,0.0
2005-01-08,0.0,0.0,8.5,29.5,0.0
2005-01-09,0.0,0.0,7.0,28.0,0.0
2005-01-10,0.0,0.0,5.5,27.0,0.0
2005-01-11,0.0,0.0,6.0,25.5,0.0
2005-01-12,0.0,0.0,6.5,24.0,0.0
2005-01-13,0.0,0.0,6.5,23.0,0.0
2005-01-14,0.0,0.0,7.0,26.5,0.0
2005-01-15,0.0,0.0,7.0,27.0,0.0
2005-01-16,0.0,0.0,5.5,26.0,0.0
2005-01-17,0.0,0.0,2.5,26.0,0.0
2005-01-18,0.0,0.0,3.5,25.0,0.0
2005-01-19,0.0,0.0,4.0,26.5,0.0
2005-01-20,0.0,0.0,4.0,25.5,0.0
2005-01-21,0.0,2.169785976409912,4.0,23.5,-2.169785976409912
2005-01-22,0.0,2.169785976409912,6.0,26.0,-2.169785976409912
2005-01-23,0.0,0.0,9.0,24.0,0.0
2005-01-24,0.0,0.0,6.0,25.5,0.0
2005-01-25,0.0,0.0,6.5,27.0,0.0
2005-01-26,0.0,0.0,7.5,28.0,0.0
2005-01-27,0.0,0.0,9.0,28.0,0.0
2005-01-28,0.0,0.0,9.5,30.0,0.0
2005-01-29,0.0,0.0,9.5,30.0,0.0
2005-01-30,0.0,0.0,9.5,28.5,0.0
2005-01-31,0.0,0.0,10.0,28.0,0.0
2005-02-01,0.0,0.0,9.5,26.0,0.0
2005-02-02,0.0,0.0,8.5,28.0,0.0
2005-02-03,0.0,0.0,9.5,26.5,0.0
2005-02-04,0.0,0.0,7.0,26.5,0.0
2005-02-05,0.0,0.0,7.0,26.0,0.0
2005-02-06,0.0,0.0,7.5,27.0,0.0
2005-02-07,0.0,0.0,9.0,30.0,0.0
2005-02-08,0.0,0.0,10.0,32.0,0.0
2005-02-09,0.0,0.0,11.0,33.0,0.0
2005-02-10,0.0,0.0,11.0,32.0,0.0
2005-02-11,0.0,0.0,8.0,33.5,0.0
2005-02-12,0.0,0.0,7.0,32.0,0.0
2005-02-13,0.0,0.0,8.0,28.5,0.0
2005-02-14,0.0,0.0,9.0,30.0,0.0
2005-02-15,0.0,0.0,10.5,28.5,0.0
2005-02-16,0.0,0.0,9.0,31.5,0.0
2005-02-17,0.0,0.0,8.5,30.5,0.0
2005-02-18,0.0,0.0,8.5,30.0,0.0
2005-02-19,0.0,0.0,8.5,29.5,0.0
2005-02-20,0.0,0.0,9.5,30.0,0.0
2005-02-21,0.0,0.0,10.5,31.0,0.0
2005-02-22,0.0,0.0,9.5,31.0,0.0
2005-02-23,0.0,0.0,10.0,27.5,0.0
2005-02-24,0.0,0.0,10.0,27.0,0.0
2005-02-25,0.0,0.0,10.0,26.5,0.0
2005-02-26,0.0,0.0,9.0,23.0,0.0
2005-02-27,0.0,0.0,10.0,25.5,0.0
2005-02-28,0.0,2.1628732681274414,12.5,24.5,-2.1628732681274414
2005-03-01,0.0,0.0,8.5,27.5,0.0
2005-03-02,0.0,0.0,9.5,27.0,0.0
2005-03-03,0.0,0.0,9.5,30.5,0.0
2005-03-04,0.0,0.0,8.5,29.0,0.0
2005-03-05,0.0,0.0,9.0,28.5,0.0
2005-03-06,0.0,0.0,10.5,27.5,0.0
2005-03-07,0.0,0.0,12.0,29.0,0.0
2005-03-08,0.0,0.0,10.0,28.0,0.0
2005-03-09,0.0,0.0,9.0,29.0,0.0
2005-03-10,0.0,0.0,10.5,28.5,0.0
2005-03-11,0.0,0.0,10.0,30.0,0.0
2005-03-12,0.0,0.0,9.0,27.0,0.0
2005-03-13,4.1,0.0,10.0,29.0,4.1
2005-03-14,4.7,2.4037926197052,9.5,29.5,2.2962073802948
2005-03-15,0.0,7.211377620697021,11.5,25.0,-7.211377620697021
2005-03-16,0.0,1.368927836418152,10.5,24.5,-1.368927836418152
2005-03-17,0.0,0.0,10.5,27.0,0.0
2005-03-18,0.0,0.0,7.5,28.0,0.0
2005-03-19,0.0,0.0,7.5,29.5,0.0
2005-03-20,0.0,0.0,8.0,30.0,0.0
2005-03-21,0.0,0.0,8.5,30.0,0.0
2005-03-22,0.0,0.0,9.5,31.5,0.0
2005-03-23,0.0,0.0,8.5,30.5,0.0
2005-03-24,0.0,0.0,9.5,31.5,0.0
2005-03-25,0.0,0.0,10.0,31.0,0.0
2005-03-26,0.0,0.0,11.0,30.0,0.0
2005-03-27,0.0,0.0,11.5,32.0,0.0
2005-03-28,0.0,0.0,11.5,32.0,0.0
2005-03-29,0.0,3.1177895069122314,10.5,29.0,-3.1177895069122314
2005-03-30,0.0,0.0,11.5,31.0,0.0
2005-03-31,0.0,0.0,10.0,32.5,0.0
2005-04-01,0.0,0.0,10.5,32.0,0.0
2005-04-02,0.0,0.0,10.5,30.5,0.0
2005-04-03,0.0,0.0,11.0,32.0,0.0
2005-04-04,0.0,0.0,11.5,31.0,0.0
2005-04-05,0.0,0.0,11.5,33.0,0.0
2005-04-06,0.0,0.0,12.5,32.0,0.0
2005-04-07,0.0,0.0,13.0,32.5,0.0
2005-04-08,0.0,0.0,12.5,30.0,0.0
2005-04-09,0.0,1.6766420602798462,11.5,30.0,-1.6766420602798462
2005-04-10,0.0,0.0,12.0,31.0,0.0
2005-04-11,0.0,0.0,12.5,33.0,0.0
2005-04-12,0.0,0.0,12.0,32.0,0.0
2005-04-13,0.0,0.0,12.0,33.0,0.0
2005-04-14,0.0,0.0,12.0,30.0,0.0
2005-04-15,10.5,2.8092257976531982,14.0,30.0,7.690774202346802
2005-04-16,0.0,3.189987897872925,9.5,29.0,-3.189987897872925
2005-04-17,0.0,0.0,10.0,30.5,0.0
2005-04-18,0.0,0.0,11.0,32.0,0.0
2005-04-19,0.0,0.0,11.5,31.0,0.0
2005-04-20,0.0,0.0,13.5,31.5,0.0
2005-04-21,0.0,0.0,14.0,32.5,0.0
2005-04-22,0.0,0.0,13.0,32.0,0.0
2005-04-23,0.0,4.250874042510986,13.5,28.5,-4.250874042510986
2005-04-24,0.0,0.0,11.5,28.5,0.0
2005-04-25,0.0,0.0,10.5,30.0,0.0
2005-04-26,0.0,0.0,11.0,30.5,0.0
2005-04-27,0.0,0.0,11.5,32.0,0.0
2005-04-28,0.0,0.0,12.0,29.0,0.0
2005-04-29,0.0,0.0,13.5,32.0,0.0
2005-04-30,0.0,0.0,12.5,32.0,0.0
2005-05-01,0.0,0.0,13.0,31.0,0.0
2005-05-02,0.0,0.0,12.5,31.0,0.0
2005-05-03,0.0,0.0,12.0,31.0,0.0
2005-05-04,0.0,0.0,11.5,31.5,0.0
2005-05-05,0.5,0.0,12.0,27.5,0.5
2005-05-06,0.0,0.0,11.5,29.5,0.0
2005-05-07,0.0,0.0,11.5,28.0,0.0
2005-05-08,0.0,0.0,12.0,28.5,0.0
2005-05-09,0.0,0.0,12.5,29.0,0.0
2005-05-10,0.0,0.0,12.0,30.0,0.0
2005-05-11,0.0,0.0,13.0,31.5,0.0
2005-05-12,0.0,0.0,13.0,29.0,0.0
2005-05-13,5.5,0.0,12.0,29.0,5.5
2005-05-14,0.8,0.0,12.0,26.5,0.8
2005-05-15,1.0,0.0,11.0,27.5,1.0
2005-05-16,0.0,0.0,11.5,28.0,0.0
2005-05-17,0.0,0.0,10.0,28.0,0.0
2005-05-18,0.0,0.0,10.0,29.0,0.0
2005-05-19,0.0,0.0,11.5,29.5,0.0
2005-05-20,1.4,0.0,10.5,29.5,1.4
2005-05-21,0.0,0.0,9.0,26.0,0.0
2005-05-22,0.0,7.690495491027832,9.5,27.5,-7.690495491027832
2005-05-23,0.0,0.0,10.5,27.5,0.0
2005-05-24,0.0,0.0,11.0,31.0,0.0
2005-05-25,0.0,0.0,11.5,31.5,0.0
2005-05-26,0.0,0.0,12.0,31.5,0.0
2005-05-27,16.7,0.0,14.5,27.0,16.7
2005-05-28,0.0,21.74140739440918,10.5,28.0,-21.74140739440918
2005-05-29,0.0,0.0,11.0,28.5,0.0
2005-05-30,3.8,0.0,13.0,29.0,3.8
2005-05-31,3.8,0.0,11.5,29.0,3.8
2005-06-01,1.0,0.0,12.5,26.5,1.0
2005-06-02,0.0,0.0,13.5,26.5,0.0
2005-06-03,0.0,0.0,13.5,29.5,0.0
2005-06-04,1.8,0.0,12.5,31.0,1.8
2005-06-05,0.0,0.0,12.5,31.0,0.0
2005-06-06,0.0,0.0,13.5,30.0,0.0
2005-06-07,0.0,0.0,13.0,27.5,0.0
2005-06-08,0.0,0.0,12.5,29.5,0.0
2005-06-09,0.8,0.0,13.5,28.0,0.8
2005-06-10,0.0,0.0,12.5,31.0,0.0
2005-06-11,0.0,0.0,13.0,30.5,0.0
2005-06-12,0.0,0.0,13.5,29.5,0.0
2005-06-13,0.0,0.0,13.5,27.5,0.0
2005-06-14,0.0,0.0,11.5,27.5,0.0
2005-06-15,0.0,0.0,12.5,25.0,0.0
2005-06-16,0.0,0.0,14.5,24.0,0.0
2005-06-17,0.0,0.0,13.0,28.0,0.0
2005-06-18,22.5,0.0,13.0,27.0,22.5
2005-06-19,12.8,19.08209991455078,12.5,25.0,-6.2820999145507805
2005-06-20,0.0,19.08209991455078,11.5,27.0,-19.08209991455078
2005-06-21,0.0,0.0,12.0,23.0,0.0
2005-06-22,0.8,0.0,13.0,21.5,0.8
2005-06-23,6.5,0.0,13.5,26.0,6.5
2005-06-24,10.5,5.245960712432861,13.0,22.5,5.254039287567139
2005-06-25,1.4,26.22980308532715,12.0,22.0,-24.82980308532715
2005-06-26,3.5,12.393632888793944,12.5,20.0,-8.893632888793944
2005-06-27,1.3,12.393632888793944,12.5,22.5,-11.093632888793943
2005-06-28,2.7,0.0,11.5,23.0,2.7
2005-06-29,57.5,0.0,12.0,26.0,57.5
2005-06-30,0.0,37.1808967590332,13.0,25.0,-37.1808967590332
2005-07-01,6.0,6.542324066162109,11.5,25.0,-0.5423240661621094
2005-07-02,0.0,13.08464813232422,11.0,25.5,-13.08464813232422
2005-07-03,0.0,6.542324066162109,11.0,25.0,-6.542324066162109
2005-07-04,9.5,6.542324066162109,11.5,23.5,2.9576759338378906
2005-07-05,16.6,6.542324066162109,12.5,23.5,10.057675933837892
2005-07-06,0.7,13.24974250793457,11.0,24.5,-12.549742507934571
2005-07-07,14.5,6.624871253967285,11.5,22.5,7.875128746032715
2005-07-08,3.4,6.624871253967285,10.5,25.5,-3.2248712539672852
2005-07-09,0.0,6.624871253967285,10.5,26.0,-6.624871253967285
2005-07-10,11.5,6.624871253967285,11.0,23.5,4.875128746032715
2005-07-11,0.0,4.24918270111084,11.0,22.0,-4.24918270111084
2005-07-12,2.5,0.0,12.5,21.5,2.5
2005-07-13,0.0,4.24918270111084,11.5,23.5,-4.24918270111084
2005-07-14,0.0,0.0,11.0,23.5,0.0
2005-07-15,0.0,8.49836540222168,12.0,24.5,-8.49836540222168
2005-07-16,0.0,0.0,11.5,24.5,0.0
2005-07-17,0.0,16.40459632873535,10.5,27.0,-16.40459632873535
2005-07-18,7.2,0.0,11.0,26.0,7.2
2005-07-19,0.0,0.0,11.0,23.5,0.0
2005-07-20,8.5,0.0,11.0,23.0,8.5
2005-07-21,0.0,16.512468338012695,11.0,27.5,-16.512468338012695
2005-07-22,10.8,8.256234169006348,11.0,25.0,2.543765830993653
2005-07-23,1.3,8.256234169006348,9.5,24.0,-6.956234169006348
2005-07-24,30.8,8.256234169006348,10.0,20.5,22.543765830993653
2005-07-25,10.8,8.256234169006348,12.5,23.5,2.543765830993653
2005-07-26,12.7,33.34380340576172,12.5,22.5,-20.64380340576172
2005-07-27,1.5,0.0,11.0,25.0,1.5
2005-07-28,23.5,16.67190170288086,11.0,24.0,6.828098297119141
2005-07-29,0.0,16.67190170288086,8.5,26.5,-16.67190170288086
2005-07-30,0.0,0.0,9.5,26.5,0.0
2005-07-31,0.0,0.0,9.5,26.0,0.0
2005-08-01,0.0,0.0,10.5,26.0,0.0
2005-08-02,0.0,0.0,12.0,25.0,0.0
2005-08-03,0.0,0.0,10.0,23.0,0.0
2005-08-04,0.0,0.0,11.5,24.5,0.0
2005-08-05,5.7,0.0,13.0,25.0,5.7
2005-08-06,0.0,5.69711446762085,11.5,24.0,-5.69711446762085
2005-08-07,0.0,1.8990381956100464,10.0,26.5,-1.8990381956100464
2005-08-08,0.0,0.0,10.5,25.5,0.0
2005-08-09,0.0,1.8990381956100464,10.0,26.5,-1.8990381956100464
2005-08-10,0.0,0.0,11.0,27.0,0.0
2005-08-11,13.4,11.932831764221191,11.5,25.0,1.467168235778809
2005-08-12,1.2,5.966415882110596,9.5,25.0,-4.7664158821105955
2005-08-13,41.7,11.932831764221191,10.0,23.5,29.76716823577881
2005-08-14,36.5,17.899246215820312,13.0,24.5,18.600753784179688
2005-08-15,7.6,13.63752269744873,11.0,24.0,-6.037522697448731
2005-08-16,0.0,0.0,10.5,22.5,0.0
2005-08-17,5.3,0.0,11.0,23.5,5.3
2005-08-18,1.8,0.0,11.5,24.5,1.8
2005-08-19,0.0,16.779788970947266,11.5,24.0,-16.779788970947266
2005-08-20,28.7,0.0,11.5,22.0,28.7
2005-08-21,7.3,19.22969055175781,11.5,22.0,-11.929690551757808
2005-08-22,0.2,19.22969055175781,12.0,19.5,-19.02969055175781
2005-08-23,36.5,0.0,12.5,20.0,36.5
2005-08-24,2.2,0.0,11.5,24.0,2.2
2005-08-25,2.3,19.22969055175781,12.0,25.5,-16.92969055175781
2005-08-26,0.8,0.0,12.0,24.0,0.8
2005-08-27,4.2,0.0,11.0,23.0,4.2
2005-08-28,2.2,33.6642951965332,11.0,23.5,-31.464295196533204
2005-08-29,29.1,16.8321475982666,11.5,24.5,12.2678524017334
2005-08-30,21.0,0.0,11.0,22.0,21.0
2005-08-31,13.3,0.0,12.0,22.0,13.3
2005-09-01,9.8,9.228875160217283,12.0,26.0,0.5711248397827173
2005-09-02,15.8,9.228875160217283,11.0,22.0,6.571124839782717
2005-09-03,0.0,9.228875160217283,11.5,23.5,-9.228875160217283
2005-09-04,9.2,0.0,10.5,22.5,9.2
2005-09-05,7.6,16.150531768798828,10.5,21.5,-8.550531768798828
2005-09-06,11.2,0.0,11.0,21.0,11.2
2005-09-07,3.3,0.0,9.0,22.5,3.3
2005-09-08,11.4,0.0,9.5,23.0,11.4
2005-09-09,4.8,23.534385681152344,10.5,22.0,-18.734385681152343
2005-09-10,0.0,23.534385681152344,10.5,26.5,-23.534385681152344
2005-09-11,1.6,0.0,10.0,26.0,1.6
2005-09-12,29.8,0.0,10.5,23.5,29.8
2005-09-13,1.0,0.0,11.0,24.5,1.0
2005-09-14,2.6,0.0,11.0,24.5,2.6
2005-09-15,0.0,22.859603881835938,11.0,27.5,-22.859603881835938
2005-09-16,0.0,0.0,10.5,27.0,0.0
2005-09-17,0.0,6.082188129425049,10.5,26.0,-6.082188129425049
2005-09-18,9.2,0.0,10.0,26.5,9.2
2005-09-19,1.3,0.0,10.0,24.0,1.3
2005-09-20,4.5,0.0,10.5,25.5,4.5
2005-09-21,0.0,0.0,10.5,25.0,0.0
2005-09-22,0.0,0.0,9.0,25.5,0.0
2005-09-23,0.0,0.0,9.5,26.0,0.0
2005-09-24,0.0,0.0,10.5,23.0,0.0
2005-09-25,12.5,0.0,10.5,24.0,12.5
2005-09-26,0.0,16.397876739501953,11.0,23.0,-16.397876739501953
2005-09-27,0.0,0.0,11.0,25.5,0.0
2005-09-28,0.0,0.0,10.0,26.5,0.0
2005-09-29,10.4,0.0,10.5,24.5,10.4
2005-09-30,0.0,5.465959072113037,11.5,24.0,-5.465959072113037
2005-10-01,0.0,0.0,10.5,23.5,0.0
2005-10-02,0.0,0.0,10.5,25.5,0.0
2005-10-03,0.0,0.0,10.0,25.5,0.0
2005-10-04,3.8,8.997356414794922,11.5,25.0,-5.197356414794922
2005-10-05,42.0,17.994712829589844,12.5,21.5,24.005287170410156
2005-10-06,4.4,11.544395446777344,12.0,19.5,-7.144395446777343
2005-10-07,0.0,0.0,11.0,22.5,0.0
2005-10-08,0.0,0.0,11.5,24.0,0.0
2005-10-09,11.7,0.0,10.0,21.5,11.7
2005-10-10,0.0,0.0,10.5,23.5,0.0
2005-10-11,10.2,0.0,10.5,24.5,10.2
2005-10-12,0.0,14.83452606201172,10.0,23.0,-14.83452606201172
2005-10-13,0.0,0.0,10.0,27.5,0.0
2005-10-14,0.0,0.0,10.0,26.0,0.0
2005-10-15,5.5,0.0,9.5,25.0,5.5
2005-10-16,0.0,0.0,9.5,25.5,0.0
2005-10-17,0.0,0.0,10.0,27.0,0.0
2005-10-18,0.0,0.0,9.5,27.0,0.0
2005-10-19,0.0,0.0,9.5,28.0,0.0
2005-10-20,0.0,0.0,9.5,28.0,0.0
2005-10-21,0.0,0.0,10.0,27.0,0.0
2005-10-22,0.0,0.0,9.5,28.5,0.0
2005-10-23,0.0,0.0,8.0,26.0,0.0
2005-10-24,0.0,0.0,8.5,27.5,0.0
2005-10-25,0.0,0.0,9.0,25.0,0.0
2005-10-26,1.2,0.0,9.0,22.5,1.2
2005-10-27,0.0,0.0,11.5,24.0,0.0
2005-10-28,0.0,0.0,10.5,24.5,0.0
2005-10-29,0.0,0.0,8.0,24.0,0.0
2005-10-30,0.0,0.0,8.0,27.0,0.0
2005-10-31,0.0,0.0,8.0,27.5,0.0
2005-11-01,0.0,0.0,7.5,27.0,0.0
2005-11-02,0.0,0.0,7.0,27.5,0.0
2005-11-03,0.0,0.0,8.5,28.0,0.0
2005-11-04,0.0,0.0,8.5,26.0,0.0
2005-11-05,0.0,0.0,8.5,27.5,0.0
2005-11-06,0.0,0.0,10.5,28.0,0.0
2005-11-07,0.0,0.0,9.5,27.5,0.0
2005-11-08,0.0,2.2041499614715576,9.0,24.0,-2.2041499614715576
2005-11-09,0.0,0.0,10.5,27.0,0.0
2005-11-10,1.5,0.0,10.5,28.0,1.5
2005-11-11,0.0,0.0,9.5,27.5,0.0
2005-11-12,0.0,0.0,10.5,27.0,0.0
2005-11-13,0.0,0.0,10.0,28.5,0.0
2005-11-14,0.0,0.0,8.0,28.0,0.0
2005-11-15,0.0,0.0,8.5,27.0,0.0
2005-11-16,0.0,0.0,9.5,24.5,0.0
2005-11-17,0.0,0.0,7.5,26.0,0.0
2005-11-18,0.0,0.0,8.0,26.5,0.0
2005-11-19,0.0,0.0,8.0,26.0,0.0
2005-11-20,0.0,3.073626041412353,8.5,26.0,-3.073626041412353
2005-11-21,0.0,0.0,9.0,26.0,0.0
2005-11-22,0.0,0.0,9.0,25.5,0.0
2005-11-23,0.0,0.0,7.5,24.5,0.0
2005-11-24,0.0,0.0,7.5,25.0,0.0
2005-11-25,0.0,0.0,8.5,23.5,0.0
2005-11-26,0.0,0.0,8.0,23.5,0.0
2005-11-27,0.0,0.0,7.5,23.0,0.0
2005-11-28,0.0,0.0,6.5,26.5,0.0
2005-11-29,0.0,0.0,7.5,26.5,0.0
2005-11-30,0.0,0.0,8.0,26.0,0.0
2005-12-01,0.0,0.0,8.5,26.5,0.0
2005-12-02,0.0,0.0,9.0,23.0,0.0
2005-12-03,0.0,0.0,9.0,25.5,0.0
2005-12-04,0.0,0.0,10.0,25.5,0.0
2005-12-05,0.0,0.0,10.5,26.5,0.0
2005-12-06,0.0,0.0,9.5,22.5,0.0
2005-12-07,0.0,0.0,10.0,24.5,0.0
2005-12-08,0.0,0.0,10.5,24.5,0.0
2005-12-09,0.0,2.420898914337158,11.0,26.0,-2.420898914337158
2005-12-10,0.0,0.0,8.0,27.0,0.0
2005-12-11,0.0,0.0,10.5,22.5,0.0
2005-12-12,0.0,0.0,9.5,25.5,0.0
2005-12-13,0.0,0.0,10.5,27.0,0.0
2005-12-14,0.0,0.0,9.5,27.0,0.0
2005-12-15,0.0,0.0,10.0,27.5,0.0
2005-12-16,0.0,0.0,8.0,23.0,0.0
2005-12-17,0.0,0.0,8.5,24.0,0.0
2005-12-18,0.0,0.0,8.0,24.5,0.0
2005-12-19,0.0,0.0,7.5,24.5,0.0
2005-12-20,0.0,0.0,7.5,23.0,0.0
2005-12-21,0.0,0.0,8.5,20.0,0.0
2005-12-22,0.0,0.0,7.5,24.5,0.0
2005-12-23,0.0,0.0,8.0,22.5,0.0
2005-12-24,0.0,0.0,7.5,24.5,0.0
2005-12-25,0.0,0.0,8.5,25.0,0.0
2005-12-26,0.0,0.0,6.5,25.5,0.0
2005-12-27,0.0,0.0,6.0,25.5,0.0
2005-12-28,0.0,0.0,6.0,26.5,0.0
2005-12-29,0.0,0.0,7.5,25.5,0.0
2005-12-30,0.0,0.0,7.5,24.0,0.0
2005-12-31,0.0,0.0,8.5,24.5,0.0
2006-01-01,0.0,0.0,8.0,26.0,0.0
2006-01-02,0.0,0.0,8.5,27.0,0.0
2006-01-03,0.0,0.0,9.5,25.0,0.0
2006-01-04,0.0,0.0,8.0,26.0,0.0
2006-01-05,0.0,0.0,8.5,26.0,0.0
2006-01-06,0.0,0.0,8.0,24.0,0.0
2006-01-07,0.0,0.0,5.0,23.0,0.0
2006-01-08,0.0,0.0,4.0,24.0,0.0
2006-01-09,0.0,0.0,4.0,24.5,0.0
2006-01-10,0.0,0.0,6.5,25.5,0.0
2006-01-11,0.0,0.0,6.5,22.0,0.0
2006-01-12,0.0,0.0,7.0,25.0,0.0
2006-01-13,0.0,0.0,7.5,27.5,0.0
2006-01-14,0.0,0.0,6.5,25.5,0.0
2006-01-15,0.0,0.0,6.5,24.5,0.0
2006-01-16,0.0,0.0,7.5,25.5,0.0
2006-01-17,0.0,0.0,7.5,26.0,0.0
2006-01-18,0.0,0.0,6.5,26.5,0.0
2006-01-19,0.0,0.0,7.5,26.5,0.0
2006-01-20,0.0,0.0,8.0,27.5,0.0
2006-01-21,0.0,0.0,8.5,27.5,0.0
2006-01-22,0.0,0.0,7.5,27.5,0.0
2006-01-23,0.0,0.0,8.5,28.0,0.0
2006-01-24,0.0,0.0,8.0,24.5,0.0
2006-01-25,0.0,0.0,8.5,22.0,0.0
2006-01-26,0.0,2.6828508377075195,8.5,24.5,-2.6828508377075195
2006-01-27,0.0,0.0,7.5,27.0,0.0
2006-01-28,0.0,0.0,8.0,24.0,0.0
2006-01-29,0.0,2.6828508377075195,9.5,24.5,-2.6828508377075195
2006-01-30,0.0,0.0,8.5,27.5,0.0
2006-01-31,0.0,0.0,9.5,27.0,0.0
2006-02-01,0.0,0.0,9.5,27.0,0.0
2006-02-02,0.0,0.0,9.5,26.5,0.0
2006-02-03,0.0,0.0,7.5,26.5,0.0
2006-02-04,0.0,0.0,7.5,28.5,0.0
2006-02-05,0.0,0.0,7.5,28.0,0.0
2006-02-06,0.0,0.0,7.5,28.5,0.0
2006-02-07,0.0,0.0,8.0,27.0,0.0
2006-02-08,0.0,0.0,7.0,27.5,0.0
2006-02-09,0.0,0.0,8.0,29.0,0.0
2006-02-10,0.0,0.0,7.0,27.0,0.0
2006-02-11,0.0,0.0,7.5,27.0,0.0
2006-02-12,0.0,0.0,9.5,25.0,0.0
2006-02-13,0.0,0.0,8.5,27.5,0.0
2006-02-14,0.0,0.0,8.5,29.0,0.0
2006-02-15,0.0,0.0,9.5,30.0,0.0
2006-02-16,0.0,0.0,10.0,32.0,0.0
2006-02-17,0.0,0.0,11.5,32.5,0.0
2006-02-18,0.0,0.0,8.5,31.5,0.0
2006-02-19,0.0,0.0,8.5,29.0,0.0
2006-02-20,0.0,0.0,8.0,29.5,0.0
2006-02-21,0.0,0.0,8.5,31.5,0.0
2006-02-22,0.0,0.0,8.5,30.0,0.0
2006-02-23,0.0,0.0,9.0,32.0,0.0
2006-02-24,0.0,0.0,9.5,29.5,0.0
2006-02-25,0.0,0.0,9.0,29.5,0.0
2006-02-26,0.0,0.0,9.0,27.0,0.0
2006-02-27,0.0,0.0,5.0,26.5,0.0
2006-02-28,0.0,0.0,5.5,29.0,0.0
2006-03-01,0.0,0.0,7.0,29.5,0.0
2006-03-02,0.0,0.0,8.0,30.0,0.0
2006-03-03,0.0,0.0,8.5,31.0,0.0
2006-03-04,0.0,0.0,8.5,32.5,0.0
2006-03-05,0.0,0.0,8.0,32.5,0.0
2006-03-06,0.0,0.0,8.0,33.0,0.0
2006-03-07,0.0,0.0,8.0,34.5,0.0
2006-03-08,0.0,0.0,9.0,30.0,0.0
2006-03-09,0.0,0.0,9.5,29.5,0.0
2006-03-10,0.0,0.0,6.0,30.0,0.0
2006-03-11,0.0,0.0,8.0,31.5,0.0
2006-03-12,0.0,0.0,9.0,32.5,0.0
2006-03-13,0.0,0.0,10.0,32.0,0.0
2006-03-14,0.0,0.0,10.5,33.0,0.0
2006-03-15,0.0,0.0,9.0,32.0,0.0
2006-03-16,0.0,0.0,10.5,33.5,0.0
2006-03-17,0.0,0.0,10.5,33.0,0.0
2006-03-18,0.0,0.0,9.5,31.5,0.0
2006-03-19,0.0,0.0,8.5,29.0,0.0
2006-03-20,0.0,0.0,8.0,29.5,0.0
2006-03-21,0.0,0.0,9.5,31.5,0.0
2006-03-22,0.0,0.0,10.0,29.0,0.0
2006-03-23,1.5,0.0,10.0,29.0,1.5
2006-03-24,0.0,0.0,10.5,27.0,0.0
2006-03-25,2.4,0.0,10.0,28.0,2.4
2006-03-26,0.0,5.047866344451904,7.5,28.0,-5.047866344451904
2006-03-27,0.0,0.0,9.5,28.0,0.0
2006-03-28,0.8,3.701768159866333,10.5,29.0,-2.901768159866333
2006-03-29,0.0,0.0,10.0,29.5,0.0
2006-03-30,0.0,0.0,10.0,30.5,0.0
2006-03-31,0.0,0.0,11.5,30.5,0.0
2006-04-01,0.0,0.0,10.5,32.5,0.0
2006-04-02,0.0,0.0,10.5,32.0,0.0
2006-04-03,0.0,0.0,11.0,33.0,0.0
2006-04-04,0.0,0.0,9.5,32.5,0.0
2006-04-05,0.0,0.0,9.5,31.5,0.0
2006-04-06,0.0,0.0,9.0,31.0,0.0
2006-04-07,0.0,0.0,9.5,31.5,0.0
2006-04-08,0.0,0.0,10.5,32.5,0.0
2006-04-09,0.0,0.0,10.5,28.5,0.0
2006-04-10,0.0,0.0,11.0,29.0,0.0
2006-04-11,0.0,0.0,11.0,31.0,0.0
2006-04-12,0.0,0.0,10.5,31.5,0.0
2006-04-13,0.0,0.0,8.5,30.0,0.0
2006-04-14,0.0,0.0,8.5,30.0,0.0
2006-04-15,0.0,0.0,9.0,31.0,0.0
2006-04-16,1.4,0.0,9.5,30.0,1.4
2006-04-17,0.0,0.0,9.5,32.5,0.0
2006-04-18,0.0,0.0,11.0,31.5,0.0
2006-04-19,0.0,0.0,11.5,32.0,0.0
2006-04-20,0.0,0.0,12.0,32.5,0.0
2006-04-21,0.0,0.0,13.5,33.5,0.0
2006-04-22,0.0,8.970743179321289,11.5,31.0,-8.970743179321289
2006-04-23,0.0,0.0,12.5,32.0,0.0
2006-04-24,0.0,7.849400043487549,11.5,32.0,-7.849400043487549
2006-04-25,0.0,0.0,12.5,32.0,0.0
2006-04-26,0.0,0.0,11.0,32.0,0.0
2006-04-27,0.0,0.0,11.5,31.0,0.0
2006-04-28,0.0,0.0,12.5,32.0,0.0
2006-04-29,17.5,0.0,11.5,31.0,17.5
2006-04-30,12.5,0.0,12.0,28.5,12.5
2006-05-01,14.8,13.404545783996582,10.0,28.0,1.3954542160034187
2006-05-02,0.8,13.404545783996582,9.5,24.0,-12.604545783996581
2006-05-03,7.8,6.702272891998291,9.5,25.0,1.0977271080017088
2006-05-04,21.6,6.702272891998291,9.0,27.5,14.89772710800171
2006-05-05,4.6,6.702272891998291,11.0,27.0,-2.1022728919982914
2006-05-06,0.0,4.333522319793701,11.0,29.0,-4.333522319793701
2006-05-07,0.0,4.333522319793701,12.5,31.0,-4.333522319793701
2006-05-08,2.4,0.0,13.0,30.0,2.4
2006-05-09,0.0,0.0,13.0,31.0,0.0
2006-05-10,0.0,0.0,13.5,31.0,0.0
2006-05-11,0.0,0.0,13.0,29.5,0.0
2006-05-12,3.2,0.0,12.5,28.5,3.2
2006-05-13,0.0,2.0985748767852783,13.0,28.5,-2.0985748767852783
2006-05-14,0.0,0.0,11.0,25.5,0.0
2006-05-15,1.2,4.197149753570557,10.5,24.5,-2.9971497535705565
2006-05-16,7.3,0.0,11.0,26.5,7.3
2006-05-17,0.5,0.0,11.0,23.0,0.5
2006-05-18,8.3,0.0,10.0,24.5,8.3
2006-05-19,16.7,0.0,10.0,24.5,16.7
2006-05-20,5.3,0.0,9.5,23.5,5.3
2006-05-21,0.0,0.0,9.5,27.5,0.0
2006-05-22,0.0,0.0,10.0,26.0,0.0
2006-05-23,0.0,0.0,10.5,29.0,0.0
2006-05-24,0.0,0.0,10.5,26.0,0.0
2006-05-25,0.0,0.0,11.0,27.0,0.0
2006-05-26,6.2,14.554399490356444,12.0,26.5,-8.354399490356442
2006-05-27,0.0,0.0,9.5,26.5,0.0
2006-05-28,0.0,0.0,10.0,23.0,0.0
2006-05-29,0.0,0.0,13.0,25.0,0.0
2006-05-30,10.3,14.554399490356444,13.5,27.5,-4.254399490356443
2006-05-31,28.2,0.0,12.0,25.5,28.2
2006-06-01,8.3,14.36741065979004,11.0,23.5,-6.06741065979004
2006-06-02,19.5,0.0,11.0,25.5,19.5
2006-06-03,11.8,28.73482131958008,11.0,22.5,-16.93482131958008
2006-06-04,13.5,28.73482131958008,11.0,20.0,-15.234821319580082
2006-06-05,8.4,0.0,12.0,22.5,8.4
2006-06-06,1.8,7.655998706817627,13.0,24.0,-5.855998706817627
2006-06-07,0.0,7.655998706817627,12.0,25.0,-7.655998706817627
2006-06-08,0.0,0.0,10.5,24.5,0.0
2006-06-09,0.0,0.0,11.0,24.5,0.0
2006-06-10,0.0,0.0,9.5,24.0,0.0
2006-06-11,4.8,0.0,11.0,25.0,4.8
2006-06-12,10.8,0.0,11.5,25.5,10.8
2006-06-13,0.0,0.0,9.5,26.0,0.0
2006-06-14,0.0,0.0,10.0,26.5,0.0
2006-06-15,0.0,0.0,10.0,23.5,0.0
2006-06-16,8.6,0.0,11.5,26.5,8.6
2006-06-17,5.4,7.778004169464111,12.0,24.5,-2.378004169464111
2006-06-18,9.8,7.778004169464111,11.5,23.5,2.0219958305358894
2006-06-19,0.8,7.778004169464111,10.5,24.0,-6.9780041694641115
2006-06-20,8.7,7.778004169464111,11.0,25.0,0.921995830535888
2006-06-21,0.0,14.14125919342041,9.0,25.5,-14.14125919342041
2006-06-22,5.4,0.0,10.5,25.0,5.4
2006-06-23,5.8,7.070629596710205,10.5,23.5,-1.2706295967102053
2006-06-24,8.8,7.070629596710205,11.0,22.5,1.7293704032897956
2006-06-25,0.0,0.0,10.0,25.0,0.0
2006-06-26,0.0,0.0,9.0,27.0,0.0
2006-06-27,0.0,0.0,10.5,28.5,0.0
2006-06-28,0.0,0.0,11.0,26.5,0.0
2006-06-29,25.7,4.764303207397461,11.0,24.0,20.93569679260254
2006-06-30,0.0,28.58581924438477,11.5,23.0,-28.58581924438477
2006-07-01,0.0,8.301858901977539,10.5,26.0,-8.301858901977539
2006-07-02,0.0,8.301858901977539,11.5,25.5,-8.301858901977539
2006-07-03,0.0,16.603717803955078,12.0,24.5,-16.603717803955078
2006-07-04,0.0,16.603717803955078,12.5,23.0,-16.603717803955078
2006-07-05,0.0,0.0,10.5,27.0,0.0
2006-07-06,0.0,0.0,11.5,28.5,0.0
2006-07-07,8.2,0.0,12.0,26.5,8.2
2006-07-08,5.3,4.545133113861084,9.5,24.0,0.7548668861389158
2006-07-09,0.0,0.0,10.0,22.0,0.0
2006-07-10,0.0,9.090266227722168,11.0,21.5,-9.090266227722168
2006-07-11,1.2,4.9862589836120605,10.0,25.5,-3.7862589836120604
2006-07-12,0.0,0.0,11.5,24.5,0.0
2006-07-13,2.3,9.97251796722412,11.5,23.5,-7.6725179672241195
2006-07-14,2.8,9.97251796722412,10.0,27.0,-7.1725179672241195
2006-07-15,0.0,4.9862589836120605,11.0,24.0,-4.9862589836120605
2006-07-16,2.7,0.0,10.5,24.5,2.7
2006-07-17,0.0,0.0,10.0,25.5,0.0
2006-07-18,0.0,0.0,10.5,25.0,0.0
2006-07-19,0.0,0.0,11.0,28.5,0.0
2006-07-20,2.5,0.0,10.5,25.5,2.5
2006-07-21,0.0,0.0,11.0,23.5,0.0
2006-07-22,26.7,0.0,11.5,24.0,26.7
2006-07-23,84.6,65.04363250732422,12.5,23.0,19.556367492675776
2006-07-24,24.8,48.7827262878418,11.0,19.0,-23.982726287841796
2006-07-25,0.0,0.0,12.0,23.0,0.0
2006-07-26,0.0,0.0,10.5,23.0,0.0
2006-07-27,0.0,0.0,10.5,24.0,0.0
2006-07-28,0.0,5.737191200256348,11.5,24.0,-5.737191200256348
2006-07-29,0.0,5.737191200256348,9.5,23.5,-5.737191200256348
2006-07-30,0.0,5.737191200256348,9.5,23.0,-5.737191200256348
2006-07-31,1.6,5.737191200256348,10.0,24.0,-4.137191200256348
2006-08-01,0.0,0.0,10.5,23.0,0.0
2006-08-02,22.6,19.347272872924805,12.0,23.5,3.2527271270751967
2006-08-03,0.0,29.02090835571289,12.0,21.5,-29.02090835571289
2006-08-04,0.0,0.0,11.5,24.0,0.0
2006-08-05,15.8,0.0,12.0,20.5,15.8
2006-08-06,17.7,0.0,12.0,20.0,17.7
2006-08-07,26.3,12.780550003051758,11.0,20.5,13.519449996948243
2006-08-08,4.2,12.780550003051758,10.5,23.0,-8.580550003051759
2006-08-09,1.5,12.780550003051758,10.5,21.0,-11.280550003051758
2006-08-10,22.6,12.780550003051758,11.0,25.5,9.819449996948244
2006-08-11,0.0,10.770733833312988,10.5,23.5,-10.770733833312988
2006-08-12,0.0,0.0,10.5,26.5,0.0
2006-08-13,0.0,7.18048906326294,10.0,25.0,-7.18048906326294
2006-08-14,0.0,0.0,10.5,25.0,0.0
2006-08-15,1.3,0.0,12.0,25.0,1.3
2006-08-16,7.5,0.0,10.5,24.5,7.5
2006-08-17,0.0,0.0,11.0,23.5,0.0
2006-08-18,0.0,0.0,11.5,25.0,0.0
2006-08-19,0.0,0.0,11.0,24.5,0.0
2006-08-20,5.6,0.0,11.5,24.0,5.6
2006-08-21,0.0,32.50041961669922,9.5,25.0,-32.50041961669922
2006-08-22,0.0,0.0,10.0,26.0,0.0
2006-08-23,35.4,0.0,12.0,23.0,35.4
2006-08-24,6.2,0.0,11.5,24.0,6.2
2006-08-25,21.8,32.50041961669922,12.0,21.0,-10.700419616699218
2006-08-26,0.0,9.122427940368652,13.0,25.5,-9.122427940368652
2006-08-27,0.0,9.122427940368652,10.5,23.0,-9.122427940368652
2006-08-28,0.0,0.0,8.5,26.0,0.0
2006-08-29,0.0,0.0,8.5,24.0,0.0
2006-08-30,2.2,0.0,10.5,24.5,2.2
2006-08-31,2.4,0.0,12.5,23.5,2.4
2006-09-01,15.8,15.535507202148438,12.5,23.5,0.2644927978515632
2006-09-02,7.8,0.0,10.5,23.5,7.8
2006-09-03,11.6,0.0,9.5,24.5,11.6
2006-09-04,12.8,46.60652160644531,10.0,21.5,-33.806521606445315
2006-09-05,37.2,15.535507202148438,12.0,20.0,21.664492797851565
2006-09-06,14.8,17.972610473632812,11.0,23.5,-3.172610473632812
2006-09-07,12.3,8.986305236816406,11.0,22.0,3.3136947631835945
2006-09-08,0.0,0.0,10.0,24.0,0.0
2006-09-09,38.7,0.0,10.0,23.0,38.7
2006-09-10,0.0,17.972610473632812,10.5,23.5,-17.972610473632812
2006-09-11,2.5,0.0,11.5,24.0,2.5
2006-09-12,2.8,0.0,12.0,24.0,2.8
2006-09-13,0.0,0.0,12.5,26.0,0.0
2006-09-14,0.0,0.0,12.0,24.0,0.0
2006-09-15,1.3,0.0,11.5,25.5,1.3
2006-09-16,0.0,0.0,11.0,26.5,0.0
2006-09-17,0.0,0.0,11.0,27.0,0.0
2006-09-18,0.0,0.0,11.5,25.5,0.0
2006-09-19,24.8,35.6338996887207,12.0,24.5,-10.833899688720702
2006-09-20,25.7,7.126780033111572,12.0,23.0,18.573219966888427
2006-09-21,0.0,0.0,11.5,25.0,0.0
2006-09-22,0.0,0.0,11.0,27.5,0.0
2006-09-23,10.2,0.0,11.0,25.5,10.2
2006-09-24,10.3,12.950811386108398,11.5,25.5,-2.6508113861083977
2006-09-25,0.0,25.9016227722168,12.0,25.0,-25.9016227722168
2006-09-26,0.0,0.0,11.0,23.5,0.0
2006-09-27,0.0,0.0,10.5,26.5,0.0
2006-09-28,6.7,0.0,10.5,25.0,6.7
2006-09-29,0.0,0.0,10.0,26.0,0.0
2006-09-30,1.6,13.66827392578125,10.0,25.0,-12.06827392578125
2006-10-01,1.5,13.932226181030272,9.5,25.0,-12.432226181030272
2006-10-02,0.0,0.0,12.0,27.0,0.0
2006-10-03,1.8,0.0,11.0,25.5,1.8
2006-10-04,6.8,0.0,9.0,25.0,6.8
2006-10-05,0.0,6.966113090515137,9.5,24.0,-6.966113090515137
2006-10-06,0.0,0.0,10.0,24.0,0.0
2006-10-07,1.6,0.0,10.0,25.5,1.6
2006-10-08,17.5,0.0,10.5,25.0,17.5
2006-10-09,0.0,0.0,12.0,26.5,0.0
2006-10-10,0.0,0.0,12.0,26.5,0.0
2006-10-11,0.0,0.0,11.5,25.5,0.0
2006-10-12,0.0,9.382231712341309,12.0,26.5,-9.382231712341309
2006-10-13,7.8,9.382231712341309,12.0,26.0,-1.5822317123413088
2006-10-14,10.7,14.07334804534912,12.5,23.5,-3.37334804534912
2006-10-15,4.6,9.382231712341309,12.5,22.0,-4.782231712341309
2006-10-16,10.8,0.0,13.0,24.5,10.8
2006-10-17,0.0,3.785992383956909,12.0,26.0,-3.785992383956909
2006-10-18,0.0,0.0,12.0,27.0,0.0
2006-10-19,0.0,7.571984767913818,12.0,26.5,-7.571984767913818
2006-10-20,0.0,3.785992383956909,11.5,28.5,-3.785992383956909
2006-10-21,0.0,0.0,11.0,28.0,0.0
2006-10-22,0.0,0.0,11.0,24.5,0.0
2006-10-23,0.0,9.724491119384766,11.5,27.5,-9.724491119384766
2006-10-24,0.0,0.0,9.5,28.0,0.0
2006-10-25,0.0,0.0,10.0,24.5,0.0
2006-10-26,0.0,0.0,10.5,24.0,0.0
2006-10-27,0.0,0.0,11.0,24.5,0.0
2006-10-28,0.0,10.919503211975098,12.5,26.0,-10.919503211975098
2006-10-29,0.0,0.0,8.0,27.0,0.0
2006-10-30,0.0,0.0,8.5,27.0,0.0
2006-10-31,0.0,0.0,8.0,28.5,0.0
2006-11-01,0.0,0.0,4.0,20.0,0.0
2006-11-02,0.0,0.0,4.0,21.0,0.0
2006-11-03,0.0,0.0,3.0,20.0,0.0
2006-11-04,0.0,0.0,4.0,18.0,0.0
2006-11-05,0.0,0.0,4.0,20.0,0.0
2006-11-06,0.0,1.5071486234664917,6.0,19.0,-1.5071486234664917
2006-11-07,2.5,3.0142972469329834,8.0,18.0,-0.5142972469329834
2006-11-08,0.0,6.028594493865967,7.0,18.0,-6.028594493865967
2006-11-09,0.0,0.0,7.0,17.0,0.0
2006-11-10,1.0,0.0,6.0,17.0,1.0
2006-11-11,3.5,0.0,7.0,20.0,3.5
2006-11-12,0.0,0.0,8.0,19.0,0.0
2006-11-13,38.0,2.482825756072998,6.0,18.0,35.517174243927
2006-11-14,0.0,2.482825756072998,7.0,16.0,-2.482825756072998
2006-11-15,0.0,0.0,6.0,17.0,0.0
2006-11-16,0.0,0.0,7.0,15.0,0.0
2006-11-17,0.0,0.0,5.0,15.0,0.0
2006-11-18,4.0,0.0,5.0,17.0,4.0
2006-11-19,7.0,0.0,5.0,13.0,7.0
2006-11-20,0.0,5.874026298522949,4.0,13.0,-5.874026298522949
2006-11-21,0.0,3.464956045150757,1.0,14.0,-3.464956045150757
2006-11-22,0.0,0.0,-3.0,15.0,0.0
2006-11-23,0.0,0.0,-4.0,16.0,0.0
2006-11-24,0.0,0.0,-2.0,16.0,0.0
2006-11-25,0.0,0.0,-2.0,16.0,0.0
2006-11-26,0.0,0.0,-1.0,17.0,0.0
2006-11-27,0.0,0.0,0.0,17.0,0.0
2006-11-28,0.0,0.0,0.0,18.0,0.0
2006-11-29,0.0,0.0,0.0,18.0,0.0
2006-11-30,0.0,0.0,1.0,18.0,0.0
2006-12-01,0.0,0.0,2.0,17.0,0.0
2006-12-02,0.0,0.0,2.0,20.0,0.0
2006-12-03,0.0,0.0,4.0,18.0,0.0
2006-12-04,0.0,0.0,4.0,17.0,0.0
2006-12-05,0.0,0.0,0.0,16.0,0.0
2006-12-06,0.0,0.0,1.0,18.0,0.0
2006-12-07,0.0,0.0,2.0,18.0,0.0
2006-12-08,0.0,3.28826117515564,2.0,15.0,-3.28826117515564
2006-12-09,0.0,0.0,4.0,17.0,0.0
2006-12-10,0.0,0.0,2.0,18.0,0.0
2006-12-11,0.0,0.0,0.0,17.0,0.0
2006-12-12,0.0,0.0,0.0,19.0,0.0
2006-12-13,0.0,0.0,1.0,18.0,0.0
2006-12-14,0.0,0.0,2.0,18.0,0.0
2006-12-15,0.0,0.0,3.0,17.0,0.0
2006-12-16,0.0,0.0,1.0,18.0,0.0
2006-12-17,0.0,0.0,0.0,19.0,0.0
2006-12-18,0.0,0.0,1.0,20.0,0.0
2006-12-19,0.0,0.0,3.0,19.0,0.0
2006-12-20,0.0,0.0,3.0,18.0,0.0
2006-12-21,0.0,0.0,4.0,19.0,0.0
2006-12-22,0.0,0.0,3.0,18.0,0.0
2006-12-23,0.0,0.0,4.0,16.0,0.0
2006-12-24,0.0,0.0,2.0,16.0,0.0
2006-12-25,0.0,0.0,-2.0,17.0,0.0
2006-12-26,0.0,0.0,-3.0,17.0,0.0
2006-12-27,0.0,0.0,-4.0,16.0,0.0
2006-12-28,0.0,0.0,-3.0,16.0,0.0
2006-12-29,0.0,0.0,0.0,17.0,0.0
2006-12-30,0.0,0.0,1.0,19.0,0.0
2006-12-31,0.0,0.0,1.0,20.0,0.0
2007-01-01,0.0,3.871614456176758,3.0,17.0,-3.871614456176758
2007-01-02,0.0,0.0,4.0,18.0,0.0
2007-01-03,0.0,0.0,3.0,18.0,0.0
2007-01-04,0.0,0.0,4.0,18.0,0.0
2007-01-05,0.0,0.0,2.0,19.0,0.0
2007-01-06,0.0,0.0,2.0,20.0,0.0
2007-01-07,0.0,0.0,2.0,19.0,0.0
2007-01-08,0.0,0.0,4.0,17.0,0.0
2007-01-09,0.0,0.0,4.0,19.0,0.0
2007-01-10,0.0,0.0,1.0,18.0,0.0
2007-01-11,0.0,0.0,1.0,19.0,0.0
2007-01-12,0.0,0.0,2.0,20.0,0.0
2007-01-13,0.0,0.0,1.0,20.0,0.0
2007-01-14,0.0,0.0,2.0,21.0,0.0
2007-01-15,0.0,0.0,1.0,20.0,0.0
2007-01-16,0.0,0.0,3.0,19.0,0.0
2007-01-17,0.0,0.0,3.0,20.0,0.0
2007-01-18,0.0,0.0,4.0,20.0,0.0
2007-01-19,0.0,0.0,2.0,18.0,0.0
2007-01-20,0.0,0.0,0.0,18.0,0.0
2007-01-21,0.0,0.0,1.0,18.0,0.0
2007-01-22,0.0,0.0,2.0,20.0,0.0
2007-01-23,0.0,0.0,2.0,18.0,0.0
2007-01-24,0.0,0.0,5.0,17.0,0.0
2007-01-25,0.0,0.0,8.0,19.0,0.0
2007-01-26,11.0,0.0,7.0,19.0,11.0
2007-01-27,0.0,3.604170322418213,7.0,21.0,-3.604170322418213
2007-01-28,0.0,0.0,3.0,17.0,0.0
2007-01-29,0.0,0.0,2.0,17.0,0.0
2007-01-30,0.0,0.0,3.0,19.0,0.0
2007-01-31,0.0,0.0,4.0,20.0,0.0
2007-02-01,0.0,0.0,5.0,19.0,0.0
2007-02-02,0.0,0.0,7.0,21.0,0.0
2007-02-03,10.5,0.0,4.0,20.0,10.5
2007-02-04,0.0,0.0,5.0,16.0,0.0
2007-02-05,4.0,0.0,5.0,17.0,4.0
2007-02-06,0.0,0.0,2.0,18.0,0.0
2007-02-07,0.0,0.0,2.0,18.0,0.0
2007-02-08,0.0,0.0,1.0,18.0,0.0
2007-02-09,0.3,0.0,2.0,20.0,0.3
2007-02-10,4.5,0.0,4.0,17.0,4.5
2007-02-11,0.0,0.0,1.0,18.0,0.0
2007-02-12,0.0,0.0,1.0,18.0,0.0
2007-02-13,0.0,0.0,0.0,20.0,0.0
2007-02-14,0.0,0.0,0.0,21.0,0.0
2007-02-15,0.0,0.0,1.0,21.0,0.0
2007-02-16,0.0,0.0,0.0,20.0,0.0
2007-02-17,0.0,0.0,1.0,20.0,0.0
2007-02-18,0.0,0.0,1.0,18.0,0.0
2007-02-19,0.0,0.0,0.0,20.0,0.0
2007-02-20,0.0,0.0,2.0,18.0,0.0
2007-02-21,0.0,0.0,2.0,19.0,0.0
2007-02-22,0.0,0.0,1.0,18.0,0.0
2007-02-23,0.0,0.0,1.0,22.0,0.0
2007-02-24,0.0,0.0,3.0,22.0,0.0
2007-02-25,0.0,0.0,2.0,22.0,0.0
2007-02-26,0.0,0.0,3.0,22.0,0.0
2007-02-27,0.0,0.0,3.0,24.0,0.0
2007-02-28,0.0,0.0,2.0,23.0,0.0
2007-03-01,0.0,0.0,3.0,24.0,0.0
2007-03-02,0.0,0.0,2.0,24.0,0.0
2007-03-03,0.0,0.0,2.0,25.0,0.0
2007-03-04,0.0,0.0,3.0,21.0,0.0
2007-03-05,0.0,0.0,1.0,18.0,0.0
2007-03-06,0.0,0.0,0.0,20.0,0.0
2007-03-07,0.0,0.0,0.0,22.0,0.0
2007-03-08,0.0,0.0,3.0,23.0,0.0
2007-03-09,0.0,0.0,4.0,22.0,0.0
2007-03-10,0.0,3.033780097961426,6.0,20.0,-3.033780097961426
2007-03-11,0.0,0.0,5.0,20.0,0.0
2007-03-12,0.4,0.0,5.0,19.0,0.4
2007-03-13,0.0,0.0,7.0,19.0,0.0
2007-03-14,0.0,0.0,5.0,23.0,0.0
2007-03-15,0.0,0.0,4.0,22.0,0.0
2007-03-16,0.0,0.0,3.0,23.0,0.0
2007-03-17,0.0,0.0,2.0,22.0,0.0
2007-03-18,0.0,0.0,1.0,22.0,0.0
2007-03-19,0.0,0.0,0.0,23.0,0.0
2007-03-20,0.0,0.0,3.0,24.0,0.0
2007-03-21,0.0,0.0,3.0,24.0,0.0
2007-03-22,0.0,0.0,3.0,22.0,0.0
2007-03-23,0.0,0.0,5.0,23.0,0.0
2007-03-24,0.0,0.0,4.0,22.0,0.0
2007-03-25,0.0,1.1637333631515503,5.0,20.0,-1.1637333631515503
2007-03-26,0.0,1.3754431009292605,3.0,22.0,-1.3754431009292605
2007-03-27,0.0,0.0,4.0,23.0,0.0
2007-03-28,0.0,0.0,6.0,23.0,0.0
2007-03-29,0.0,0.0,5.0,23.0,0.0
2007-03-30,0.0,0.0,6.0,24.0,0.0
2007-03-31,0.0,0.0,6.0,23.0,0.0
2007-04-01,19.4,0.0,9.0,23.0,19.4
2007-04-02,0.0,0.0,9.0,21.0,0.0
2007-04-03,14.0,0.0,9.0,23.0,14.0
2007-04-04,7.0,4.776994705200195,6.0,22.0,2.2230052947998047
2007-04-05,0.0,0.0,4.0,19.0,0.0
2007-04-06,0.0,0.0,5.0,22.0,0.0
2007-04-07,0.0,0.0,7.0,21.0,0.0
2007-04-08,0.0,0.0,5.0,20.0,0.0
2007-04-09,0.0,0.0,4.0,19.0,0.0
2007-04-10,0.0,0.0,4.0,21.0,0.0
2007-04-11,0.0,0.0,2.0,22.0,0.0
2007-04-12,0.0,0.0,2.0,22.0,0.0
2007-04-13,0.0,0.0,2.0,21.0,0.0
2007-04-14,0.0,0.0,2.0,19.0,0.0
2007-04-15,0.0,0.0,3.0,23.0,0.0
2007-04-16,0.0,0.0,4.0,22.0,0.0
2007-04-17,0.0,0.0,5.0,25.0,0.0
2007-04-18,0.0,0.0,6.0,26.0,0.0
2007-04-19,0.0,0.0,6.0,25.0,0.0
2007-04-20,0.0,0.0,6.0,26.0,0.0
2007-04-21,0.0,0.0,7.0,26.0,0.0
2007-04-22,12.0,0.0,8.0,26.0,12.0
2007-04-23,1.0,0.0,5.0,25.0,1.0
2007-04-24,1.5,7.528298854827881,6.0,25.0,-6.028298854827881
2007-04-25,0.0,0.0,7.0,24.0,0.0
2007-04-26,6.5,0.0,6.0,24.0,6.5
2007-04-27,0.0,0.0,7.0,21.0,0.0
2007-04-28,0.0,0.0,9.0,23.0,0.0
2007-04-29,0.0,0.0,10.0,22.0,0.0
2007-04-30,0.0,11.84559440612793,9.0,22.0,-11.84559440612793
2007-05-01,1.5,4.473383903503418,8.0,22.0,-2.973383903503418
2007-05-02,2.0,2.236691951751709,6.0,24.0,-0.23669195175170898
2007-05-03,0.0,4.473383903503418,7.0,24.0,-4.473383903503418
2007-05-04,0.5,2.236691951751709,6.0,25.0,-1.736691951751709
2007-05-05,0.0,6.710076332092285,7.0,24.0,-6.710076332092285
2007-05-06,4.5,0.0,8.0,25.0,4.5
2007-05-07,0.0,5.32716703414917,8.0,25.0,-5.32716703414917
2007-05-08,1.0,0.0,7.0,24.0,1.0
2007-05-09,2.0,0.0,7.0,25.0,2.0
2007-05-10,0.0,0.0,9.0,25.0,0.0
2007-05-11,3.0,0.0,9.0,24.0,3.0
2007-05-12,1.5,0.0,10.0,21.0,1.5
2007-05-13,5.0,5.013916969299316,9.0,21.0,-0.013916969299316406
2007-05-14,0.0,5.730190753936768,6.0,21.0,-5.730190753936768
2007-05-15,0.0,0.0,6.0,23.0,0.0
2007-05-16,0.0,0.0,7.0,24.0,0.0
2007-05-17,0.0,0.0,7.0,23.0,0.0
2007-05-18,4.5,0.0,6.0,24.0,4.5
2007-05-19,0.0,10.191498756408691,7.0,22.0,-10.191498756408691
2007-05-20,1.0,0.0,6.0,24.0,1.0
2007-05-21,61.5,11.970919609069824,7.0,23.0,49.529080390930176
2007-05-22,0.0,0.0,6.0,24.0,0.0
2007-05-23,2.0,0.0,7.0,23.0,2.0
2007-05-24,3.5,0.0,7.0,22.0,3.5
2007-05-25,1.0,0.0,5.0,21.0,1.0
2007-05-26,3.5,0.0,5.0,19.0,3.5
2007-05-27,0.0,15.30567455291748,7.0,18.0,-15.30567455291748
2007-05-28,0.5,0.0,7.0,20.0,0.5
2007-05-29,0.0,0.0,8.0,19.0,0.0
2007-05-30,7.5,0.0,8.0,21.0,7.5
2007-05-31,0.0,0.0,5.0,21.0,0.0
2007-06-01,0.0,0.0,4.0,22.0,0.0
2007-06-02,0.0,0.0,5.0,24.0,0.0
2007-06-03,0.0,0.0,8.0,23.0,0.0
2007-06-04,0.0,0.0,7.0,24.0,0.0
2007-06-05,8.0,7.560020446777344,7.0,23.0,0.43997955322265625
2007-06-06,13.0,11.510026931762695,7.0,22.0,1.4899730682373047
2007-06-07,3.5,7.673351287841797,8.0,22.0,-4.173351287841797
2007-06-08,18.5,11.510026931762695,8.0,21.0,6.989973068237305
2007-06-09,0.0,11.510026931762695,9.0,20.0,-11.510026931762695
2007-06-10,2.0,0.0,10.0,21.0,2.0
2007-06-11,0.0,0.0,8.0,19.0,0.0
2007-06-12,3.0,0.0,8.0,19.0,3.0
2007-06-13,0.0,11.82861328125,6.0,19.0,-11.82861328125
2007-06-14,19.0,0.0,7.0,21.0,19.0
2007-06-15,0.0,23.6572265625,9.0,18.0,-23.6572265625
2007-06-16,40.0,7.235677242279053,10.0,17.0,32.76432275772095
2007-06-17,10.5,7.235677242279053,10.0,17.0,3.2643227577209473
2007-06-18,0.0,14.471354484558104,10.0,19.0,-14.471354484558104
2007-06-19,1.0,0.0,9.0,15.0,1.0
2007-06-20,0.8,0.0,10.0,18.0,0.8
2007-06-21,0.0,9.570867538452148,8.0,20.0,-9.570867538452148
2007-06-22,0.0,4.785433769226074,7.0,21.0,-4.785433769226074
2007-06-23,0.0,0.0,7.0,20.0,0.0
2007-06-24,3.0,4.785433769226074,9.0,21.0,-1.7854337692260742
2007-06-25,24.0,9.570867538452148,11.0,19.0,14.429132461547852
2007-06-26,0.0,26.71605491638184,10.0,22.0,-26.71605491638184
2007-06-27,16.5,0.0,8.0,22.0,16.5
2007-06-28,0.5,0.0,6.0,20.0,0.5
2007-06-29,2.0,0.0,8.0,20.0,2.0
2007-06-30,12.4,0.0,9.0,20.0,12.4
2007-07-01,0.0,0.0,8.0,20.0,0.0
2007-07-02,1.0,5.763932704925537,11.0,18.0,-4.763932704925537
2007-07-03,0.0,5.763932704925537,9.0,19.0,-5.763932704925537
2007-07-04,23.5,0.0,7.0,20.0,23.5
2007-07-05,0.0,11.527865409851074,8.0,19.0,-11.527865409851074
2007-07-06,0.0,0.0,6.0,21.0,0.0
2007-07-07,4.5,0.0,6.0,23.0,4.5
2007-07-08,0.0,10.731435775756836,7.0,19.0,-10.731435775756836
2007-07-09,1.0,0.0,8.0,20.0,1.0
2007-07-10,0.0,10.731435775756836,7.0,20.0,-10.731435775756836
2007-07-11,0.0,0.0,7.0,21.0,0.0
2007-07-12,0.0,0.0,9.0,21.0,0.0
2007-07-13,0.0,0.0,5.0,22.0,0.0
2007-07-14,0.0,0.0,5.0,23.0,0.0
2007-07-15,26.0,0.0,5.0,22.0,26.0
2007-07-16,6.0,0.0,9.0,19.0,6.0
2007-07-17,49.5,49.834259033203125,9.0,15.0,-0.334259033203125
2007-07-18,0.0,0.0,8.0,17.0,0.0
2007-07-19,12.0,0.0,6.0,19.0,12.0
2007-07-20,13.3,0.0,7.0,18.0,13.3
2007-07-21,7.0,0.0,6.0,19.0,7.0
2007-07-22,17.0,0.0,9.0,16.0,17.0
2007-07-23,14.0,13.637998580932615,9.0,16.0,0.3620014190673846
2007-07-24,15.0,0.0,8.0,16.0,15.0
2007-07-25,20.0,40.91399765014648,6.0,17.0,-20.913997650146477
2007-07-26,2.5,13.243465423583984,7.0,15.0,-10.743465423583984
2007-07-27,2.0,0.0,7.0,18.0,2.0
2007-07-28,28.5,26.48693084716797,8.0,17.0,2.0130691528320312
2007-07-29,0.0,6.621732711791992,6.0,18.0,-6.621732711791992
2007-07-30,5.5,6.621732711791992,7.0,18.0,-1.1217327117919922
2007-07-31,0.0,6.621732711791992,8.0,18.0,-6.621732711791992
2007-08-01,0.0,7.423581600189209,6.0,21.0,-7.423581600189209
2007-08-02,11.5,0.0,7.0,21.0,11.5
2007-08-03,0.5,7.423581600189209,8.0,18.0,-6.923581600189209
2007-08-04,14.3,0.0,7.0,18.0,14.3
2007-08-05,10.5,0.0,7.0,20.0,10.5
2007-08-06,16.4,8.653719902038574,7.0,16.0,7.746280097961424
2007-08-07,5.0,0.0,7.0,19.0,5.0
2007-08-08,0.0,17.30743980407715,8.0,18.0,-17.30743980407715
2007-08-09,0.0,0.0,5.0,19.0,0.0
2007-08-10,2.3,0.0,6.0,19.0,2.3
2007-08-11,0.0,17.29376220703125,6.0,19.0,-17.29376220703125
2007-08-12,1.0,0.0,6.0,19.0,1.0
2007-08-13,5.0,0.0,7.0,19.0,5.0
2007-08-14,8.0,0.0,5.0,20.0,8.0
2007-08-15,2.5,0.0,6.0,19.0,2.5
2007-08-16,1.0,0.0,8.0,20.0,1.0
2007-08-17,27.8,9.291888236999512,11.0,20.0,18.50811176300049
2007-08-18,2.5,9.291888236999512,8.0,18.0,-6.791888236999512
2007-08-19,15.5,18.583776473999023,7.0,18.0,-3.0837764739990234
2007-08-20,4.0,9.291888236999512,6.0,18.0,-5.291888236999512
2007-08-21,14.0,0.0,6.0,19.0,14.0
2007-08-22,61.0,39.97858047485352,7.0,20.0,21.021419525146477
2007-08-23,5.5,7.995716094970703,8.0,17.0,-2.495716094970703
2007-08-24,27.5,0.0,8.0,17.0,27.5
2007-08-25,14.7,15.991432189941406,6.0,17.0,-1.291432189941407
2007-08-26,40.0,17.634605407714844,7.0,18.0,22.365394592285156
2007-08-27,5.0,17.634605407714844,10.0,20.0,-12.634605407714844
2007-08-28,1.0,8.817302703857422,8.0,19.0,-7.817302703857422
2007-08-29,2.0,8.817302703857422,4.0,21.0,-6.817302703857422
2007-08-30,16.5,17.634605407714844,6.0,19.0,-1.1346054077148438
2007-08-31,24.0,8.817302703857422,7.0,19.0,15.182697296142578
2007-09-01,5.5,40.90457534790039,9.0,16.0,-35.40457534790039
2007-09-02,6.0,0.0,9.0,16.0,6.0
2007-09-03,5.0,0.0,9.0,17.0,5.0
2007-09-04,0.0,13.634859085083008,6.0,18.0,-13.634859085083008
2007-09-05,3.5,0.0,7.0,19.0,3.5
2007-09-06,3.0,6.24749231338501,7.0,18.0,-3.2474923133850098
2007-09-07,14.5,6.24749231338501,7.0,17.0,8.25250768661499
2007-09-08,2.5,6.24749231338501,10.0,18.0,-3.7474923133850098
2007-09-09,0.0,18.742477416992188,9.0,16.0,-18.742477416992188
2007-09-10,7.0,0.0,9.0,20.0,7.0
2007-09-11,4.0,13.039838790893556,8.0,17.0,-9.039838790893556
2007-09-12,1.0,13.039838790893556,8.0,18.0,-12.039838790893556
2007-09-13,0.0,6.519919395446777,9.0,19.0,-6.519919395446777
2007-09-14,10.4,0.0,6.0,17.0,10.4
2007-09-15,0.0,6.519919395446777,6.0,18.0,-6.519919395446777
2007-09-16,0.0,0.0,4.0,19.0,0.0
2007-09-17,0.0,0.0,5.0,20.0,0.0
2007-09-18,34.0,0.0,5.0,19.0,34.0
2007-09-19,4.0,14.915014266967772,5.0,20.0,-10.915014266967772
2007-09-20,5.5,14.915014266967772,6.0,18.0,-9.415014266967772
2007-09-21,8.5,0.0,7.0,17.0,8.5
2007-09-22,0.0,0.0,6.0,18.0,0.0
2007-09-23,0.0,0.0,6.0,18.0,0.0
2007-09-24,0.0,0.0,6.0,18.0,0.0
2007-09-25,0.0,0.0,3.0,20.0,0.0
2007-09-26,0.0,0.0,3.0,18.0,0.0
2007-09-27,8.0,0.0,6.0,17.0,8.0
2007-09-28,5.5,18.472797393798828,8.0,15.0,-12.972797393798828
2007-09-29,0.5,0.0,9.0,18.0,0.5
2007-09-30,0.0,0.0,7.0,18.0,0.0
2007-10-01,0.0,0.0,4.0,20.0,0.0
2007-10-02,0.0,0.0,5.0,19.0,0.0
2007-10-03,0.0,0.0,5.0,19.0,0.0
2007-10-04,0.0,0.0,6.0,18.0,0.0
2007-10-05,0.0,0.0,5.0,19.0,0.0
2007-10-06,0.0,0.0,5.0,19.0,0.0
2007-10-07,0.0,0.0,5.0,19.0,0.0
2007-10-08,7.0,8.510533332824707,6.0,20.0,-1.510533332824707
2007-10-09,1.5,8.510533332824707,5.0,18.0,-7.010533332824707
2007-10-10,0.0,4.2552666664123535,6.0,18.0,-4.2552666664123535
2007-10-11,0.0,0.0,5.0,19.0,0.0
2007-10-12,0.0,0.0,6.0,18.0,0.0
2007-10-13,0.0,0.0,5.0,20.0,0.0
2007-10-14,0.0,0.0,4.0,19.0,0.0
2007-10-15,0.0,0.0,4.0,19.0,0.0
2007-10-16,0.0,0.0,5.0,19.0,0.0
2007-10-17,3.0,0.0,6.0,19.0,3.0
2007-10-18,0.0,0.0,10.0,19.0,0.0
2007-10-19,16.5,0.0,8.0,19.0,16.5
2007-10-20,11.5,25.9171085357666,8.0,17.0,-14.417108535766602
2007-10-21,0.0,0.0,8.0,16.0,0.0
2007-10-22,50.0,9.081652641296388,7.0,18.0,40.91834735870361
2007-10-23,0.0,18.163305282592773,7.0,14.0,-18.163305282592773
2007-10-24,0.0,0.0,6.0,14.0,0.0
2007-10-25,0.0,0.0,3.0,13.0,0.0
2007-10-26,0.0,0.0,1.0,17.0,0.0
2007-10-27,0.0,0.0,1.0,18.0,0.0
2007-10-28,0.0,0.0,0.0,17.0,0.0
2007-10-29,0.0,0.0,1.0,18.0,0.0
2007-10-30,0.0,0.0,3.0,18.0,0.0
2007-10-31,0.0,0.0,4.0,19.0,0.0
2007-11-01,0.0,0.0,3.0,20.0,0.0
2007-11-02,0.0,0.0,2.0,20.0,0.0
2007-11-03,0.0,0.0,5.0,20.0,0.0
2007-11-04,0.0,0.0,2.0,20.0,0.0
2007-11-05,0.0,0.0,1.0,19.0,0.0
2007-11-06,0.0,0.0,-2.0,21.0,0.0
2007-11-07,0.0,0.0,2.0,18.0,0.0
2007-11-08,0.0,0.0,0.0,19.0,0.0
2007-11-09,0.0,0.0,1.0,18.0,0.0
2007-11-10,0.0,0.0,1.0,18.0,0.0
2007-11-11,0.0,0.0,1.0,19.0,0.0
2007-11-12,0.0,0.0,1.0,20.0,0.0
2007-11-13,0.0,0.0,-1.0,20.0,0.0
2007-11-14,0.0,0.0,-1.0,20.0,0.0
2007-11-15,0.0,0.0,2.0,21.0,0.0
2007-11-16,0.0,0.0,1.0,18.0,0.0
2007-11-17,0.0,0.0,2.0,19.0,0.0
2007-11-18,0.0,0.0,3.0,18.0,0.0
2007-11-19,0.0,0.0,5.0,19.0,0.0
2007-11-20,0.0,0.0,6.0,19.0,0.0
2007-11-21,0.0,3.652352094650269,3.0,20.0,-3.652352094650269
2007-11-22,0.0,1.866757869720459,4.0,21.0,-1.866757869720459
2007-11-23,0.0,0.0,4.0,19.0,0.0
2007-11-24,0.0,0.0,6.0,18.0,0.0
2007-11-25,0.0,0.0,7.0,17.0,0.0
2007-11-26,0.0,0.0,5.0,19.0,0.0
2007-11-27,0.0,0.0,2.0,19.0,0.0
2007-11-28,0.0,0.0,5.0,18.0,0.0
2007-11-29,0.0,0.0,7.0,19.0,0.0
2007-11-30,0.0,0.0,4.0,20.0,0.0
2007-12-01,0.0,0.0,2.0,20.0,0.0
2007-12-02,0.0,0.0,2.0,21.0,0.0
2007-12-03,0.0,0.0,0.0,18.0,0.0
2007-12-04,0.0,0.0,1.0,16.0,0.0
2007-12-05,0.0,0.0,2.0,15.0,0.0
2007-12-06,0.0,0.0,1.0,16.0,0.0
2007-12-07,0.0,0.0,1.0,16.0,0.0
2007-12-08,0.0,0.0,1.0,18.0,0.0
2007-12-09,0.0,0.0,1.0,19.0,0.0
2007-12-10,0.0,0.0,1.0,20.0,0.0
2007-12-11,0.0,0.0,1.0,19.0,0.0
2007-12-12,0.0,0.0,2.0,19.0,0.0
2007-12-13,0.0,0.0,1.0,19.0,0.0
2007-12-14,0.0,0.0,1.0,18.0,0.0
2007-12-15,0.0,0.0,2.0,19.0,0.0
2007-12-16,0.0,0.0,4.0,18.0,0.0
2007-12-17,0.0,0.0,5.0,19.0,0.0
2007-12-18,0.0,0.0,2.0,19.0,0.0
2007-12-19,0.0,0.0,2.0,20.0,0.0
2007-12-20,0.0,0.0,1.0,21.0,0.0
2007-12-21,0.0,0.0,2.0,21.0,0.0
2007-12-22,0.0,0.0,1.0,21.0,0.0
2007-12-23,0.0,0.0,2.0,17.0,0.0
2007-12-24,0.0,0.0,2.0,18.0,0.0
2007-12-25,0.0,0.0,2.0,16.0,0.0
2007-12-26,0.0,0.0,1.0,19.0,0.0
2007-12-27,0.0,0.0,2.0,18.0,0.0
2007-12-28,0.0,0.0,2.0,21.0,0.0
2007-12-29,0.0,0.0,1.0,19.0,0.0
2007-12-30,0.0,0.0,2.0,20.0,0.0
2007-12-31,0.0,0.0,3.0,19.0,0.0
2008-01-01,0.0,0.0,2.0,20.0,0.0
2008-01-02,0.0,0.0,1.0,17.0,0.0
2008-01-03,0.0,0.0,-3.0,19.0,0.0
2008-01-04,0.0,0.0,-2.0,16.0,0.0
2008-01-05,0.0,0.0,-1.0,19.0,0.0
2008-01-06,0.0,0.0,0.0,19.0,0.0
2008-01-07,0.0,0.0,-1.0,20.0,0.0
2008-01-08,0.0,0.0,0.0,20.0,0.0
2008-01-09,0.0,0.0,1.0,20.0,0.0
2008-01-10,0.0,0.0,1.0,18.0,0.0
2008-01-11,0.0,0.0,1.0,18.0,0.0
2008-01-12,0.0,0.0,1.0,18.0,0.0
2008-01-13,0.0,0.0,1.0,17.0,0.0
2008-01-14,0.0,0.0,2.0,17.0,0.0
2008-01-15,0.0,0.0,4.0,19.0,0.0
2008-01-16,0.0,0.0,0.0,19.0,0.0
2008-01-17,0.0,0.0,2.0,18.0,0.0
2008-01-18,0.0,0.0,2.0,17.0,0.0
2008-01-19,0.0,0.0,0.0,18.0,0.0
2008-01-20,0.0,0.0,1.0,16.0,0.0
2008-01-21,0.0,0.0,0.0,18.0,0.0
2008-01-22,0.0,0.0,1.0,20.0,0.0
2008-01-23,0.0,0.0,2.0,21.0,0.0
2008-01-24,0.0,0.0,1.0,21.0,0.0
2008-01-25,0.0,0.0,2.0,19.0,0.0
2008-01-26,0.0,0.0,4.0,20.0,0.0
2008-01-27,0.0,0.0,1.0,19.0,0.0
2008-01-28,0.0,0.0,3.0,19.0,0.0
2008-01-29,0.0,0.0,3.0,19.0,0.0
2008-01-30,0.0,0.0,2.0,19.0,0.0
2008-01-31,0.0,0.0,3.0,20.0,0.0
2008-02-01,0.0,0.0,3.0,18.0,0.0
2008-02-02,0.0,0.0,1.0,19.0,0.0
2008-02-03,0.0,0.0,1.0,19.0,0.0
2008-02-04,0.0,0.0,0.0,21.0,0.0
2008-02-05,0.0,0.0,1.0,20.0,0.0
2008-02-06,0.0,0.0,0.0,20.0,0.0
2008-02-07,0.0,0.0,1.0,20.0,0.0
2008-02-08,0.0,0.0,1.0,20.0,0.0
2008-02-09,0.0,0.0,2.0,20.0,0.0
2008-02-10,0.0,0.0,2.0,19.0,0.0
2008-02-11,0.0,0.0,2.0,19.0,0.0
2008-02-12,0.0,0.0,2.0,19.0,0.0
2008-02-13,0.0,0.0,2.0,20.0,0.0
2008-02-14,0.0,0.0,4.0,20.0,0.0
2008-02-15,0.0,0.0,1.0,21.0,0.0
2008-02-16,0.0,0.0,2.0,21.0,0.0
2008-02-17,0.0,0.0,4.0,22.0,0.0
2008-02-18,0.0,0.0,5.0,22.0,0.0
2008-02-19,0.0,0.0,2.0,21.0,0.0
2008-02-20,0.0,0.0,2.0,21.0,0.0
2008-02-21,0.0,0.0,3.0,21.0,0.0
2008-02-22,0.0,0.0,2.0,22.0,0.0
2008-02-23,0.0,0.0,3.0,23.0,0.0
2008-02-24,0.0,0.0,3.0,25.0,0.0
2008-02-25,0.0,0.0,1.0,22.0,0.0
2008-02-26,0.0,0.0,1.0,22.0,0.0
2008-02-27,5.0,0.0,2.0,19.0,5.0
2008-02-28,0.0,0.0,3.0,19.0,0.0
2008-02-29,0.0,0.0,2.0,19.0,0.0
2008-03-01,0.0,0.0,3.0,22.0,0.0
2008-03-02,0.0,0.0,3.0,21.0,0.0
2008-03-03,0.0,0.0,3.0,20.0,0.0
2008-03-04,0.0,0.0,3.0,22.0,0.0
2008-03-05,0.0,0.0,2.0,21.0,0.0
2008-03-06,0.0,0.0,2.0,20.0,0.0
2008-03-07,0.0,0.0,1.0,21.0,0.0
2008-03-08,0.0,0.0,-1.0,18.0,0.0
2008-03-09,0.0,0.0,-1.0,18.0,0.0
2008-03-10,0.0,0.0,0.0,21.0,0.0
2008-03-11,0.0,0.0,4.0,22.0,0.0
2008-03-12,0.0,0.0,3.0,22.0,0.0
2008-03-13,0.0,0.0,3.0,22.0,0.0
2008-03-14,0.0,0.0,3.0,22.0,0.0
2008-03-15,0.0,0.0,2.0,23.0,0.0
2008-03-16,0.0,0.0,4.0,23.0,0.0
2008-03-17,0.0,0.0,4.0,24.0,0.0
2008-03-18,0.0,3.869096040725708,3.0,20.0,-3.869096040725708
2008-03-19,0.0,0.0,2.0,22.0,0.0
2008-03-20,0.0,0.0,2.0,21.0,0.0
2008-03-21,0.0,0.0,3.0,22.0,0.0
2008-03-22,0.0,0.0,4.0,23.0,0.0
2008-03-23,0.0,0.0,5.0,23.0,0.0
2008-03-24,0.0,0.0,7.0,20.0,0.0
2008-03-25,0.0,0.0,4.0,20.0,0.0
2008-03-26,0.0,0.0,4.0,20.0,0.0
2008-03-27,0.0,0.0,4.0,22.0,0.0
2008-03-28,0.0,0.0,4.0,24.0,0.0
2008-03-29,0.0,0.0,5.0,25.0,0.0
2008-03-30,0.0,0.0,6.0,22.0,0.0
2008-03-31,0.3,0.0,3.0,24.0,0.3
2008-04-01,0.0,0.0,7.0,24.0,0.0
2008-04-02,0.0,0.0,7.0,20.0,0.0
2008-04-03,0.0,0.0,5.0,24.0,0.0
2008-04-04,0.0,0.0,5.0,24.0,0.0
2008-04-05,0.0,0.0,4.0,22.0,0.0
2008-04-06,0.0,0.0,5.0,23.0,0.0
2008-04-07,0.0,0.0,4.0,25.0,0.0
2008-04-08,0.0,0.0,4.0,24.0,0.0
2008-04-09,0.0,0.0,6.0,25.0,0.0
2008-04-10,0.0,0.0,3.0,25.0,0.0
2008-04-11,0.0,0.0,4.0,26.0,0.0
2008-04-12,0.0,0.0,5.0,25.0,0.0
2008-04-13,0.0,0.0,8.0,23.0,0.0
2008-04-14,0.0,0.0,5.0,20.0,0.0
2008-04-15,0.0,0.0,4.0,21.0,0.0
2008-04-16,0.0,0.0,5.0,22.0,0.0
2008-04-17,0.0,0.0,6.0,24.0,0.0
2008-04-18,0.0,0.0,7.0,24.0,0.0
2008-04-19,0.0,0.0,7.0,24.0,0.0
2008-04-20,0.0,0.0,8.0,26.0,0.0
2008-04-21,0.0,0.0,8.0,27.0,0.0
2008-04-22,0.0,0.0,6.0,27.0,0.0
2008-04-23,0.2,0.0,7.0,27.0,0.2
2008-04-24,10.5,0.0,8.0,25.0,10.5
2008-04-25,0.0,4.036330699920654,6.0,25.0,-4.036330699920654
2008-04-26,0.0,0.0,7.0,26.0,0.0
2008-04-27,0.0,0.0,7.0,24.0,0.0
2008-04-28,11.0,7.997682094573975,6.0,21.0,3.0023179054260254
2008-04-29,0.0,7.997682094573975,5.0,19.0,-7.997682094573975
2008-04-30,0.0,0.0,5.0,21.0,0.0
2008-05-01,0.0,0.0,6.0,24.0,0.0
2008-05-02,0.0,0.0,5.0,24.0,0.0
2008-05-03,0.0,0.0,4.0,24.0,0.0
2008-05-04,0.0,0.0,6.0,25.0,0.0
2008-05-05,0.0,0.0,8.0,24.0,0.0
2008-05-06,0.0,0.0,6.0,24.0,0.0
2008-05-07,0.0,0.0,6.0,25.0,0.0
2008-05-08,0.0,6.538190364837647,8.0,25.0,-6.538190364837647
2008-05-09,0.0,6.538190364837647,10.0,25.0,-6.538190364837647
2008-05-10,0.0,0.0,9.0,26.0,0.0
2008-05-11,2.5,0.0,9.0,28.0,2.5
2008-05-12,0.0,13.872567176818848,8.0,25.0,-13.872567176818848
2008-05-13,5.5,0.0,8.0,26.0,5.5
2008-05-14,0.0,4.6241888999938965,8.0,23.0,-4.6241888999938965
2008-05-15,0.0,0.0,7.0,24.0,0.0
2008-05-16,5.0,0.0,6.0,25.0,5.0
2008-05-17,0.0,31.50011444091797,6.0,22.0,-31.50011444091797
2008-05-18,9.8,0.0,6.0,19.0,9.8
2008-05-19,50.0,0.0,10.0,18.0,50.0
2008-05-20,0.0,0.0,8.0,15.0,0.0
2008-05-21,0.0,0.0,7.0,17.0,0.0
2008-05-22,0.0,0.0,8.0,20.0,0.0
2008-05-23,0.0,0.0,4.0,22.0,0.0
2008-05-24,0.0,0.0,4.0,24.0,0.0
2008-05-25,0.5,0.0,7.0,24.0,0.5
2008-05-26,1.0,0.0,9.0,20.0,1.0
2008-05-27,1.0,9.209510803222656,11.0,23.0,-8.209510803222656
2008-05-28,0.0,0.0,8.0,22.0,0.0
2008-05-29,0.0,0.0,5.0,22.0,0.0
2008-05-30,0.0,0.0,5.0,21.0,0.0
2008-05-31,0.0,0.0,7.0,23.0,0.0
2008-06-01,0.0,0.0,7.0,23.0,0.0
2008-06-02,0.0,0.0,6.0,26.0,0.0
2008-06-03,0.0,0.0,8.0,24.0,0.0
2008-06-04,21.5,0.0,9.0,21.0,21.5
2008-06-05,28.0,17.49968910217285,10.0,18.0,10.500310897827148
2008-06-06,40.5,23.54827690124512,10.0,17.0,16.95172309875488
2008-06-07,21.5,23.54827690124512,9.0,16.0,-2.0482769012451207
2008-06-08,5.0,11.77413845062256,9.0,18.0,-6.77413845062256
2008-06-09,25.5,23.54827690124512,10.0,18.0,1.9517230987548793
2008-06-10,20.5,11.77413845062256,7.0,15.0,8.72586154937744
2008-06-11,0.0,0.0,9.0,17.0,0.0
2008-06-12,3.0,21.69723320007324,9.0,14.0,-18.69723320007324
2008-06-13,0.5,0.0,10.0,14.0,0.5
2008-06-14,16.8,0.0,6.0,17.0,16.8
2008-06-15,0.0,0.0,7.0,18.0,0.0
2008-06-16,3.0,0.0,9.0,22.0,3.0
2008-06-17,14.5,0.0,8.0,19.0,14.5
2008-06-18,1.0,13.644973754882812,6.0,19.0,-12.644973754882812
2008-06-19,2.5,0.0,6.0,18.0,2.5
2008-06-20,0.0,0.0,6.0,19.0,0.0
2008-06-21,21.0,0.0,8.0,19.0,21.0
2008-06-22,6.0,0.0,7.0,17.0,6.0
2008-06-23,2.5,18.961536407470703,8.0,18.0,-16.461536407470703
2008-06-24,0.0,0.0,6.0,19.0,0.0
2008-06-25,0.0,0.0,5.0,20.0,0.0
2008-06-26,4.5,0.0,6.0,20.0,4.5
2008-06-27,6.3,0.0,8.0,18.0,6.3
2008-06-28,6.0,7.046677589416504,6.0,19.0,-1.046677589416504
2008-06-29,0.0,21.140033721923828,6.0,19.0,-21.140033721923828
2008-06-30,42.5,7.046677589416504,9.0,19.0,35.453322410583496
2008-07-01,7.5,18.27644157409668,9.0,17.0,-10.77644157409668
2008-07-02,16.0,0.0,9.0,16.0,16.0
2008-07-03,11.5,0.0,9.0,17.0,11.5
2008-07-04,28.5,18.27644157409668,9.0,18.0,10.22355842590332
2008-07-05,14.0,18.27644157409668,9.0,19.0,-4.27644157409668
2008-07-06,27.0,23.86712646484375,10.0,19.0,3.13287353515625
2008-07-07,43.0,47.7342529296875,9.0,15.0,-4.7342529296875
2008-07-08,44.0,0.0,10.0,16.0,44.0
2008-07-09,1.0,11.933563232421877,9.0,17.0,-10.933563232421877
2008-07-10,0.0,0.0,9.0,17.0,0.0
2008-07-11,1.0,0.0,10.0,18.0,1.0
2008-07-12,0.0,0.0,6.0,19.0,0.0
2008-07-13,34.5,0.0,7.0,20.0,34.5
2008-07-14,10.0,8.222508430480957,8.0,20.0,1.777491569519043
2008-07-15,0.0,8.222508430480957,6.0,20.0,-8.222508430480957
2008-07-16,7.5,0.0,6.0,20.0,7.5
2008-07-17,0.0,8.63057804107666,6.0,20.0,-8.63057804107666
2008-07-18,0.0,0.0,7.0,20.0,0.0
2008-07-19,3.5,0.0,5.0,21.0,3.5
2008-07-20,0.0,0.0,6.0,18.0,0.0
2008-07-21,0.0,0.0,4.0,20.0,0.0
2008-07-22,0.3,0.0,5.0,18.0,0.3
2008-07-23,10.5,5.97064208984375,8.0,16.0,4.52935791015625
2008-07-24,1.0,0.0,6.0,17.0,1.0
2008-07-25,13.5,11.9412841796875,6.0,19.0,1.5587158203125
2008-07-26,22.5,5.138151168823242,7.0,17.0,17.361848831176758
2008-07-27,0.0,5.138151168823242,5.0,19.0,-5.138151168823242
2008-07-28,0.0,0.0,5.0,20.0,0.0
2008-07-29,9.0,10.276302337646484,8.0,19.0,-1.2763023376464844
2008-07-30,0.0,5.138151168823242,7.0,18.0,-5.138151168823242
2008-07-31,0.0,0.0,6.0,20.0,0.0
2008-08-01,3.0,5.927928447723389,7.0,19.0,-2.9279284477233887
2008-08-02,15.0,11.855856895446776,6.0,17.0,3.1441431045532244
2008-08-03,0.0,5.927928447723389,7.0,17.0,-5.927928447723389
2008-08-04,36.5,0.0,9.0,17.0,36.5
2008-08-05,6.3,11.855856895446776,7.0,20.0,-5.555856895446776
2008-08-06,0.0,3.890577554702759,6.0,20.0,-3.890577554702759
2008-08-07,3.5,7.781155109405518,7.0,20.0,-4.281155109405518
2008-08-08,0.0,3.890577554702759,6.0,20.0,-3.890577554702759
2008-08-09,0.3,0.0,7.0,17.0,0.3
2008-08-10,9.0,3.890577554702759,8.0,18.0,5.109422445297241
2008-08-11,43.0,18.40207290649414,10.0,17.0,24.59792709350586
2008-08-12,0.0,6.134024620056152,6.0,18.0,-6.134024620056152
2008-08-13,0.0,6.134024620056152,6.0,18.0,-6.134024620056152
2008-08-14,0.0,6.134024620056152,6.0,19.0,-6.134024620056152
2008-08-15,18.0,0.0,6.0,17.0,18.0
2008-08-16,3.5,7.659512996673584,6.0,18.0,-4.159512996673584
2008-08-17,2.5,0.0,10.0,17.0,2.5
2008-08-18,0.0,7.659512996673584,8.0,16.0,-7.659512996673584
2008-08-19,3.0,7.659512996673584,8.0,18.0,-4.659512996673584
2008-08-20,5.5,7.659512996673584,8.0,17.0,-2.159512996673584
2008-08-21,9.0,24.530271530151367,9.0,18.0,-15.530271530151367
2008-08-22,0.0,16.353513717651367,8.0,19.0,-16.353513717651367
2008-08-23,0.0,0.0,8.0,17.0,0.0
2008-08-24,2.5,0.0,7.0,18.0,2.5
2008-08-25,0.0,0.0,8.0,18.0,0.0
2008-08-26,0.0,0.0,7.0,18.0,0.0
2008-08-27,0.0,19.746065139770508,8.0,18.0,-19.746065139770508
2008-08-28,9.0,19.746065139770508,7.0,15.0,-10.746065139770508
2008-08-29,0.0,0.0,7.0,18.0,0.0
2008-08-30,8.5,0.0,9.0,20.0,8.5
2008-08-31,2.0,0.0,6.0,19.0,2.0
2008-09-01,0.0,0.0,6.0,18.0,0.0
2008-09-02,6.0,0.0,8.0,17.0,6.0
2008-09-03,3.5,12.521709442138672,9.0,18.0,-9.021709442138672
2008-09-04,14.0,12.521709442138672,9.0,17.0,1.4782905578613281
2008-09-05,4.0,12.521709442138672,6.0,20.0,-8.521709442138672
2008-09-06,0.0,8.561042785644531,6.0,20.0,-8.561042785644531
2008-09-07,19.0,34.244171142578125,7.0,16.0,-15.244171142578125
2008-09-08,0.0,8.561042785644531,10.0,14.0,-8.561042785644531
2008-09-09,17.5,0.0,9.0,16.0,17.5
2008-09-10,0.0,0.0,10.0,18.0,0.0
2008-09-11,0.0,0.0,8.0,18.0,0.0
2008-09-12,30.5,0.0,10.0,19.0,30.5
2008-09-13,1.5,0.0,9.0,18.0,1.5
2008-09-14,3.0,32.33985137939453,9.0,14.0,-29.33985137939453
2008-09-15,0.0,0.0,8.0,17.0,0.0
2008-09-16,1.0,0.0,6.0,15.0,1.0
2008-09-17,7.0,10.330732345581056,7.0,16.0,-3.3307323455810565
2008-09-18,8.3,35.41965103149414,7.0,16.0,-27.11965103149414
2008-09-19,7.0,4.932801246643066,8.0,17.0,2.0671987533569336
2008-09-20,0.5,11.806551933288574,7.0,17.0,-11.306551933288574
2008-09-21,2.0,0.0,7.0,17.0,2.0
2008-09-22,6.5,0.0,9.0,19.0,6.5
2008-09-23,2.0,27.433950424194336,10.0,15.0,-25.433950424194336
2008-09-24,12.5,13.716975212097168,7.0,16.0,-1.216975212097168
2008-09-25,14.0,0.0,8.0,18.0,14.0
2008-09-26,0.0,0.0,7.0,17.0,0.0
2008-09-27,0.4,0.0,8.0,16.0,0.4
2008-09-28,11.0,0.0,9.0,16.0,11.0
2008-09-29,0.0,0.0,7.0,19.0,0.0
2008-09-30,0.0,0.0,5.0,20.0,0.0
2008-10-01,0.0,0.0,4.0,19.0,0.0
2008-10-02,0.0,0.0,4.0,19.0,0.0
2008-10-03,0.0,0.0,5.0,19.0,0.0
2008-10-04,0.0,0.0,7.0,18.0,0.0
2008-10-05,0.0,0.0,9.0,19.0,0.0
2008-10-06,0.0,0.0,5.0,20.0,0.0
2008-10-07,4.0,8.423651695251465,6.0,17.0,-4.423651695251465
2008-10-08,13.5,19.254064559936523,8.0,18.0,-5.754064559936523
2008-10-09,0.0,8.423651695251465,5.0,18.0,-8.423651695251465
2008-10-10,0.0,0.0,6.0,19.0,0.0
2008-10-11,0.0,0.0,10.0,19.0,0.0
2008-10-12,0.0,0.0,11.0,20.0,0.0
2008-10-13,5.0,0.0,8.0,19.0,5.0
2008-10-14,0.0,0.0,4.0,18.0,0.0
2008-10-15,0.0,0.0,3.0,20.0,0.0
2008-10-16,0.0,0.0,4.0,17.0,0.0
2008-10-17,5.0,0.0,5.0,18.0,5.0
2008-10-18,0.0,0.0,4.0,17.0,0.0
2008-10-19,0.0,0.0,5.0,17.0,0.0
2008-10-20,0.0,0.0,4.0,19.0,0.0
2008-10-21,0.0,0.0,4.0,20.0,0.0
2008-10-22,0.0,0.0,4.0,19.0,0.0
2008-10-23,0.0,0.0,4.0,21.0,0.0
2008-10-24,0.0,0.0,4.0,19.0,0.0
2008-10-25,0.0,5.167131423950195,4.0,20.0,-5.167131423950195
2008-10-26,0.0,0.0,4.0,21.0,0.0
2008-10-27,0.0,0.0,7.0,18.0,0.0
2008-10-28,0.0,0.0,4.0,19.0,0.0
2008-10-29,0.0,0.0,1.0,18.0,0.0
2008-10-30,0.0,0.0,1.0,19.0,0.0
2008-10-31,0.0,0.0,2.0,20.0,0.0
2008-11-01,0.0,0.0,2.0,19.0,0.0
2008-11-02,0.0,2.54327130317688,2.0,18.0,-2.54327130317688
2008-11-03,0.0,0.0,1.0,18.0,0.0
2008-11-04,0.0,0.0,2.0,18.0,0.0
2008-11-05,0.0,0.0,3.0,18.0,0.0
2008-11-06,0.0,0.0,4.0,19.0,0.0
2008-11-07,0.0,0.0,4.0,19.0,0.0
2008-11-08,0.0,2.6700167655944824,6.0,19.0,-2.6700167655944824
2008-11-09,0.0,0.0,6.0,19.0,0.0
2008-11-10,0.0,0.0,5.0,19.0,0.0
2008-11-11,0.0,0.0,4.0,20.0,0.0
2008-11-12,0.0,0.0,4.0,19.0,0.0
2008-11-13,0.0,0.0,5.0,19.0,0.0
2008-11-14,0.0,0.0,1.0,19.0,0.0
2008-11-15,0.0,0.0,1.0,19.0,0.0
2008-11-16,0.0,0.0,1.0,18.0,0.0
2008-11-17,0.0,0.0,4.0,17.0,0.0
2008-11-18,0.0,0.0,1.0,18.0,0.0
2008-11-19,0.0,0.0,-2.0,17.0,0.0
2008-11-20,0.0,0.0,-1.0,17.0,0.0
2008-11-21,0.0,0.0,0.0,16.0,0.0
2008-11-22,0.0,0.0,-1.0,18.0,0.0
2008-11-23,0.0,0.0,0.0,17.0,0.0
2008-11-24,0.0,0.0,1.0,18.0,0.0
2008-11-25,0.0,0.0,1.0,19.0,0.0
2008-11-26,0.0,0.0,2.0,18.0,0.0
2008-11-27,0.0,0.0,2.0,19.0,0.0
2008-11-28,0.0,0.0,2.0,19.0,0.0
2008-11-29,0.0,0.0,3.0,18.0,0.0
2008-11-30,0.0,0.0,4.0,16.0,0.0
2008-12-01,0.0,0.0,1.0,16.0,0.0
2008-12-02,0.0,0.0,0.0,17.0,0.0
2008-12-03,0.0,0.0,-1.0,16.0,0.0
2008-12-04,0.0,0.0,-1.0,18.0,0.0
2008-12-05,0.0,0.0,-1.0,18.0,0.0
2008-12-06,0.0,0.0,0.0,18.0,0.0
2008-12-07,0.0,0.0,1.0,18.0,0.0
2008-12-08,0.0,0.0,4.0,17.0,0.0
2008-12-09,0.0,3.118614673614502,3.0,16.0,-3.118614673614502
2008-12-10,0.0,0.0,0.0,17.0,0.0
2008-12-11,0.0,0.0,0.0,17.0,0.0
2008-12-12,0.0,0.0,0.0,18.0,0.0
2008-12-13,0.0,0.0,-1.0,18.0,0.0
2008-12-14,0.0,0.0,-1.0,18.0,0.0
2008-12-15,0.0,0.0,-1.0,19.0,0.0
2008-12-16,0.0,0.0,-1.0,18.0,0.0
2008-12-17,0.0,0.0,0.0,20.0,0.0
2008-12-18,0.0,0.0,0.0,21.0,0.0
2008-12-19,0.0,0.0,0.0,21.0,0.0
2008-12-20,0.0,0.0,-1.0,20.0,0.0
2008-12-21,0.0,0.0,-3.0,19.0,0.0
2008-12-22,0.0,0.0,-2.0,16.0,0.0
2008-12-23,0.0,0.0,-1.0,17.0,0.0
2008-12-24,0.0,0.0,0.0,17.0,0.0
2008-12-25,0.0,0.0,0.0,18.0,0.0
2008-12-26,0.0,0.0,0.0,19.0,0.0
2008-12-27,0.0,0.0,1.0,19.0,0.0
2008-12-28,0.0,0.0,1.0,21.0,0.0
2008-12-29,0.0,0.0,2.0,18.0,0.0
2008-12-30,0.0,0.0,1.0,17.0,0.0
2008-12-31,0.0,0.0,2.0,17.0,0.0
2009-01-01,0.0,0.0,2.0,18.0,0.0
2009-01-02,0.0,0.0,2.0,18.0,0.0
2009-01-03,0.0,0.0,2.0,18.0,0.0
2009-01-04,0.0,0.0,1.0,19.0,0.0
2009-01-05,0.0,0.0,2.0,20.0,0.0
2009-01-06,0.0,0.0,4.0,18.0,0.0
2009-01-07,0.0,0.0,1.0,18.0,0.0
2009-01-08,0.0,0.0,1.0,20.0,0.0
2009-01-09,0.0,0.0,0.0,20.0,0.0
2009-01-10,0.0,0.0,-1.0,19.0,0.0
2009-01-11,0.0,0.0,0.0,18.0,0.0
2009-01-12,0.0,0.0,4.0,18.0,0.0
2009-01-13,0.0,6.748703002929688,5.0,15.0,-6.748703002929688
2009-01-14,0.0,0.0,2.0,16.0,0.0
2009-01-15,0.4,0.0,3.0,13.0,0.4
2009-01-16,0.0,0.0,2.0,14.0,0.0
2009-01-17,0.0,0.0,0.0,17.0,0.0
2009-01-18,0.0,0.0,1.0,18.0,0.0
2009-01-19,0.0,0.0,0.0,19.0,0.0
2009-01-20,0.0,0.0,0.0,19.0,0.0
2009-01-21,0.0,0.0,1.0,18.0,0.0
2009-01-22,0.0,0.0,0.0,18.0,0.0
2009-01-23,0.0,0.0,0.0,20.0,0.0
2009-01-24,0.0,0.0,0.0,21.0,0.0
2009-01-25,0.0,0.0,0.0,20.0,0.0
2009-01-26,0.0,0.0,-1.0,21.0,0.0
2009-01-27,0.0,0.0,0.0,21.0,0.0
2009-01-28,0.0,0.0,1.0,21.0,0.0
2009-01-29,0.0,0.0,1.0,20.0,0.0
2009-01-30,0.0,0.0,2.0,16.0,0.0
2009-01-31,0.0,0.0,2.0,19.0,0.0
2009-02-01,0.0,0.0,3.0,19.0,0.0
2009-02-02,0.0,0.0,2.0,18.0,0.0
2009-02-03,0.0,0.0,3.0,17.0,0.0
2009-02-04,0.0,0.0,1.0,17.0,0.0
2009-02-05,0.0,0.0,-2.0,16.0,0.0
2009-02-06,0.0,0.0,-3.0,17.0,0.0
2009-02-07,0.0,0.0,-2.0,20.0,0.0
2009-02-08,0.0,0.0,-2.0,19.0,0.0
2009-02-09,0.0,0.0,0.0,19.0,0.0
2009-02-10,0.0,0.0,1.0,20.0,0.0
2009-02-11,0.0,0.0,1.0,22.0,0.0
2009-02-12,0.0,0.0,1.0,20.0,0.0
2009-02-13,0.0,0.0,1.0,20.0,0.0
2009-02-14,0.0,0.0,2.0,20.0,0.0
2009-02-15,0.0,0.0,3.0,22.0,0.0
2009-02-16,0.0,0.0,4.0,20.0,0.0
2009-02-17,0.0,0.0,3.0,22.0,0.0
2009-02-18,0.0,0.0,1.0,23.0,0.0
2009-02-19,0.0,0.0,2.0,25.0,0.0
2009-02-20,11.0,0.7079766392707825,4.0,21.0,10.292023360729218
2009-02-21,5.0,3.0044007301330566,4.0,20.0,1.9955992698669434
2009-02-22,0.0,2.0029337406158447,2.0,17.0,-2.0029337406158447
2009-02-23,0.0,0.0,-2.0,18.0,0.0
2009-02-24,0.0,0.0,-4.0,18.0,0.0
2009-02-25,0.0,0.0,-1.0,21.0,0.0
2009-02-26,0.0,0.0,0.0,23.0,0.0
2009-02-27,0.0,0.0,0.0,23.0,0.0
2009-02-28,0.0,0.0,2.0,24.0,0.0
2009-03-01,0.0,0.0,2.0,20.0,0.0
2009-03-02,0.0,0.0,3.0,19.0,0.0
2009-03-03,0.0,0.0,0.0,22.0,0.0
2009-03-04,0.0,0.0,-1.0,23.0,0.0
2009-03-05,0.0,0.0,0.0,19.0,0.0
2009-03-06,0.0,0.0,0.0,23.0,0.0
2009-03-07,0.0,0.0,1.0,22.0,0.0
2009-03-08,0.0,0.0,2.0,24.0,0.0
2009-03-09,0.0,0.0,1.0,23.0,0.0
2009-03-10,0.0,0.0,1.0,22.0,0.0
2009-03-11,0.0,0.0,2.0,22.0,0.0
2009-03-12,0.0,0.0,3.0,21.0,0.0
2009-03-13,0.0,0.0,4.0,21.0,0.0
2009-03-14,0.0,0.0,5.0,22.0,0.0
2009-03-15,0.0,0.0,2.0,22.0,0.0
2009-03-16,0.0,0.0,3.0,23.0,0.0
2009-03-17,0.0,0.0,4.0,19.0,0.0
2009-03-18,0.0,0.0,4.0,19.0,0.0
2009-03-19,0.0,0.0,2.0,23.0,0.0
2009-03-20,0.0,2.045581817626953,4.0,21.0,-2.045581817626953
2009-03-21,0.0,0.0,2.0,21.0,0.0
2009-03-22,0.0,1.038983702659607,3.0,22.0,-1.038983702659607
2009-03-23,0.0,0.0,3.0,22.0,0.0
2009-03-24,4.5,0.0,4.0,23.0,4.5
2009-03-25,0.0,3.1169512271881104,4.0,21.0,-3.1169512271881104
2009-03-26,0.0,1.1842097043991089,5.0,23.0,-1.1842097043991089
2009-03-27,0.0,0.0,3.0,23.0,0.0
2009-03-28,0.0,0.0,2.0,23.0,0.0
2009-03-29,0.0,0.0,2.0,23.0,0.0
2009-03-30,0.0,0.0,3.0,23.0,0.0
2009-03-31,0.0,0.0,3.0,24.0,0.0
2009-04-01,0.0,0.0,3.0,24.0,0.0
2009-04-02,0.0,0.0,4.0,25.0,0.0
2009-04-03,0.0,0.0,3.0,25.0,0.0
2009-04-04,0.0,0.0,4.0,25.0,0.0
2009-04-05,0.0,0.0,4.0,26.0,0.0
2009-04-06,0.0,0.0,4.0,25.0,0.0
2009-04-07,0.0,0.0,5.0,22.0,0.0
2009-04-08,0.0,0.0,6.0,23.0,0.0
2009-04-09,0.0,0.0,6.0,25.0,0.0
2009-04-10,0.0,0.0,6.0,26.0,0.0
2009-04-11,0.0,0.0,7.0,27.0,0.0
2009-04-12,0.0,0.0,7.0,27.0,0.0
2009-04-13,0.0,0.0,5.0,25.0,0.0
2009-04-14,0.0,0.0,6.0,24.0,0.0
2009-04-15,0.0,0.0,6.0,25.0,0.0
2009-04-16,0.0,0.0,4.0,25.0,0.0
2009-04-17,0.0,0.0,4.0,24.0,0.0
2009-04-18,0.0,0.0,4.0,25.0,0.0
2009-04-19,0.0,0.0,4.0,26.0,0.0
2009-04-20,5.5,4.519923686981201,5.0,22.0,0.9800763130187988
2009-04-21,0.0,0.0,6.0,21.0,0.0
2009-04-22,0.0,0.0,5.0,21.0,0.0
2009-04-23,0.5,0.0,5.0,22.0,0.5
2009-04-24,0.5,0.0,5.0,23.0,0.5
2009-04-25,0.0,0.0,6.0,25.0,0.0
2009-04-26,1.0,0.0,5.0,24.0,1.0
2009-04-27,1.0,0.0,6.0,24.0,1.0
2009-04-28,0.0,4.985995769500732,5.0,23.0,-4.985995769500732
2009-04-29,0.0,0.0,6.0,24.0,0.0
2009-04-30,6.0,0.0,6.0,24.0,6.0
2009-05-01,0.0,0.0,4.0,23.0,0.0
2009-05-02,0.0,10.36403465270996,6.0,23.0,-10.36403465270996
2009-05-03,1.0,0.0,5.0,23.0,1.0
2009-05-04,0.0,0.0,5.0,26.0,0.0
2009-05-05,0.0,0.0,6.0,24.0,0.0
2009-05-06,0.0,0.0,5.0,25.0,0.0
2009-05-07,0.0,0.0,6.0,26.0,0.0
2009-05-08,0.0,0.0,7.0,25.0,0.0
2009-05-09,0.0,0.0,6.0,25.0,0.0
2009-05-10,0.0,0.0,7.0,22.0,0.0
2009-05-11,0.0,0.0,8.0,24.0,0.0
2009-05-12,0.0,0.0,11.0,24.0,0.0
2009-05-13,12.0,0.0,11.0,20.0,12.0
2009-05-14,0.0,19.906030654907227,7.0,21.0,-19.906030654907227
2009-05-15,13.5,19.906030654907227,8.0,19.0,-6.406030654907227
2009-05-16,17.3,24.372055053710938,9.0,17.0,-7.072055053710937
2009-05-17,9.5,0.0,9.0,19.0,9.5
2009-05-18,0.3,24.372055053710938,7.0,19.0,-24.072055053710937
2009-05-19,0.3,0.0,7.0,17.0,0.3
2009-05-20,20.5,0.0,7.0,19.0,20.5
2009-05-21,12.5,0.0,9.0,15.0,12.5
2009-05-22,14.0,0.0,8.0,18.0,14.0
2009-05-23,2.5,0.0,8.0,18.0,2.5
2009-05-24,0.0,0.0,9.0,20.0,0.0
2009-05-25,0.0,0.0,8.0,22.0,0.0
2009-05-26,0.0,0.0,6.0,23.0,0.0
2009-05-27,0.0,0.0,6.0,24.0,0.0
2009-05-28,0.0,0.0,6.0,24.0,0.0
2009-05-29,8.0,0.0,7.0,24.0,8.0
2009-05-30,20.5,14.506312370300291,8.0,25.0,5.993687629699709
2009-05-31,2.0,0.0,6.0,21.0,2.0
2009-06-01,17.0,14.587165832519531,5.0,18.0,2.4128341674804688
2009-06-02,0.5,0.0,7.0,19.0,0.5
2009-06-03,5.0,0.0,8.0,20.0,5.0
2009-06-04,0.0,0.0,6.0,20.0,0.0
2009-06-05,0.0,0.0,6.0,22.0,0.0
2009-06-06,0.0,0.0,7.0,22.0,0.0
2009-06-07,0.0,0.0,7.0,22.0,0.0
2009-06-08,0.0,0.0,8.0,22.0,0.0
2009-06-09,0.0,0.0,10.0,23.0,0.0
2009-06-10,0.5,11.096029281616213,9.0,22.0,-10.596029281616213
2009-06-11,0.0,7.126811981201172,9.0,23.0,-7.126811981201172
2009-06-12,0.0,0.0,9.0,24.0,0.0
2009-06-13,0.0,0.0,6.0,23.0,0.0
2009-06-14,10.0,0.0,8.0,22.0,10.0
2009-06-15,0.0,0.0,10.0,20.0,0.0
2009-06-16,14.5,0.0,10.0,18.0,14.5
2009-06-17,0.0,8.909078598022461,8.0,18.0,-8.909078598022461
2009-06-18,23.0,0.0,9.0,19.0,23.0
2009-06-19,13.0,26.727235794067383,8.0,18.0,-13.727235794067383
2009-06-20,0.0,17.818157196044922,10.0,18.0,-17.818157196044922
2009-06-21,1.0,10.385035514831545,10.0,18.0,-9.385035514831545
2009-06-22,13.5,10.385035514831545,10.0,17.0,3.1149644851684553
2009-06-23,0.0,0.0,9.0,18.0,0.0
2009-06-24,10.5,0.0,5.0,19.0,10.5
2009-06-25,102.0,10.385035514831545,6.0,18.0,91.61496448516846
2009-06-26,1.5,9.6488037109375,9.0,16.0,-8.1488037109375
2009-06-27,5.5,9.6488037109375,10.0,16.0,-4.1488037109375
2009-06-28,9.0,19.297607421875,8.0,16.0,-10.297607421875
2009-06-29,0.0,9.6488037109375,9.0,19.0,-9.6488037109375
2009-06-30,30.0,0.0,8.0,19.0,30.0
2009-07-01,28.0,26.177209854125977,8.0,17.0,1.8227901458740234
2009-07-02,0.0,26.177209854125977,9.0,20.0,-26.177209854125977
2009-07-03,2.0,17.451473236083984,11.0,20.0,-15.451473236083984
2009-07-04,10.0,0.0,9.0,20.0,10.0
2009-07-05,0.0,0.0,8.0,18.0,0.0
2009-07-06,2.5,0.0,5.0,21.0,2.5
2009-07-07,25.5,0.0,5.0,20.0,25.5
2009-07-08,0.0,6.700634002685547,7.0,19.0,-6.700634002685547
2009-07-09,0.0,0.0,8.0,20.0,0.0
2009-07-10,9.0,3.350317001342773,9.0,17.0,5.649682998657227
2009-07-11,0.0,11.139851570129396,9.0,18.0,-11.139851570129396
2009-07-12,16.5,0.0,5.0,20.0,16.5
2009-07-13,0.0,0.0,6.0,20.0,0.0
2009-07-14,0.0,0.0,6.0,21.0,0.0
2009-07-15,6.0,0.0,8.0,22.0,6.0
2009-07-16,0.0,0.0,6.0,22.0,0.0
2009-07-17,11.5,0.0,6.0,22.0,11.5
2009-07-18,0.0,7.788621425628662,6.0,23.0,-7.788621425628662
2009-07-19,0.0,0.0,6.0,22.0,0.0
2009-07-20,0.0,0.0,7.0,22.0,0.0
2009-07-21,0.0,3.2528483867645264,10.0,21.0,-3.2528483867645264
2009-07-22,0.3,3.2528483867645264,9.0,20.0,-2.9528483867645265
2009-07-23,0.0,6.505696773529053,7.0,21.0,-6.505696773529053
2009-07-24,0.0,0.0,6.0,23.0,0.0
2009-07-25,0.0,3.2528483867645264,7.0,21.0,-3.2528483867645264
2009-07-26,6.5,4.153216361999512,6.0,22.0,2.3467836380004883
2009-07-27,20.0,8.306432723999023,7.0,20.0,11.693567276000977
2009-07-28,0.0,4.153216361999512,9.0,20.0,-4.153216361999512
2009-07-29,0.0,4.153216361999512,8.0,21.0,-4.153216361999512
2009-07-30,0.0,0.0,8.0,24.0,0.0
2009-07-31,0.0,8.306432723999023,9.0,22.0,-8.306432723999023
2009-08-01,0.0,0.0,7.0,22.0,0.0
2009-08-02,0.0,0.0,7.0,23.0,0.0
2009-08-03,3.0,0.0,7.0,20.0,3.0
2009-08-04,12.5,0.0,7.0,22.0,12.5
2009-08-05,0.3,0.0,8.0,22.0,0.3
2009-08-06,22.5,6.051369667053223,7.0,21.0,16.448630332946777
2009-08-07,9.0,6.051369667053223,7.0,17.0,2.9486303329467773
2009-08-08,17.0,0.0,9.0,19.0,17.0
2009-08-09,0.0,12.102739334106444,9.0,21.0,-12.102739334106444
2009-08-10,0.0,0.0,8.0,20.0,0.0
2009-08-11,0.0,0.0,5.0,21.0,0.0
2009-08-12,5.5,0.0,6.0,21.0,5.5
2009-08-13,0.0,0.0,7.0,21.0,0.0
2009-08-14,2.5,0.0,7.0,22.0,2.5
2009-08-15,0.0,9.256770133972168,9.0,21.0,-9.256770133972168
2009-08-16,3.0,23.044677734375,7.0,18.0,-20.044677734375
2009-08-17,11.0,11.5223388671875,8.0,18.0,-0.5223388671875
2009-08-18,0.0,23.044677734375,6.0,18.0,-23.044677734375
2009-08-19,9.5,0.0,7.0,20.0,9.5
2009-08-20,8.0,11.5223388671875,9.0,18.0,-3.5223388671875
2009-08-21,46.5,6.335975646972656,8.0,16.0,40.164024353027344
2009-08-22,1.0,6.335975646972656,4.0,20.0,-5.335975646972656
2009-08-23,0.0,0.0,4.0,21.0,0.0
2009-08-24,23.5,0.0,5.0,22.0,23.5
2009-08-25,7.5,6.335975646972656,6.0,19.0,1.1640243530273438
2009-08-26,1.0,25.45858192443848,6.0,19.0,-24.45858192443848
2009-08-27,0.0,25.45858192443848,8.0,19.0,-25.45858192443848
2009-08-28,19.0,12.729290962219238,8.0,20.0,6.270709037780762
2009-08-29,27.0,12.729290962219238,8.0,16.0,14.270709037780762
2009-08-30,8.0,25.45858192443848,9.0,18.0,-17.45858192443848
2009-08-31,3.5,0.0,9.0,17.0,3.5
2009-09-01,0.0,0.0,4.0,21.0,0.0
2009-09-02,0.0,0.0,6.0,21.0,0.0
2009-09-03,44.0,2.764454841613769,6.0,18.0,41.23554515838623
2009-09-04,7.5,2.764454841613769,9.0,16.0,4.7355451583862305
2009-09-05,39.0,2.764454841613769,9.0,15.0,36.23554515838623
2009-09-06,44.0,23.53325653076172,8.0,18.0,20.46674346923828
2009-09-07,12.0,35.29988098144531,8.0,16.0,-23.299880981445312
2009-09-08,20.0,11.76662826538086,8.0,16.0,8.23337173461914
2009-09-09,5.0,11.76662826538086,8.0,17.0,-6.766628265380859
2009-09-10,6.5,23.53325653076172,8.0,17.0,-17.03325653076172
2009-09-11,7.0,18.1411075592041,10.0,15.0,-11.141107559204102
2009-09-12,3.0,18.1411075592041,9.0,16.0,-15.141107559204102
2009-09-13,10.5,0.0,9.0,16.0,10.5
2009-09-14,74.0,18.1411075592041,9.0,16.0,55.8588924407959
2009-09-15,49.0,72.5644302368164,9.0,17.0,-23.564430236816406
2009-09-16,2.5,19.92329406738281,10.0,18.0,-17.42329406738281
2009-09-17,0.0,19.92329406738281,10.0,18.0,-19.92329406738281
2009-09-18,1.0,0.0,9.0,19.0,1.0
2009-09-19,0.0,0.0,7.0,18.0,0.0
2009-09-20,0.4,0.0,7.0,18.0,0.4
2009-09-21,19.0,14.333565711975098,7.0,19.0,4.666434288024902
2009-09-22,20.5,14.333565711975098,7.0,18.0,6.166434288024902
2009-09-23,9.0,0.0,8.0,16.0,9.0
2009-09-24,0.5,0.0,8.0,17.0,0.5
2009-09-25,0.0,0.0,8.0,18.0,0.0
2009-09-26,6.8,14.59848690032959,8.0,16.0,-7.79848690032959
2009-09-27,27.0,0.0,9.0,17.0,27.0
2009-09-28,4.0,0.0,9.0,20.0,4.0
2009-09-29,0.0,0.0,6.0,20.0,0.0
2009-09-30,0.0,0.0,6.0,20.0,0.0
2009-10-01,0.0,0.0,7.0,20.0,0.0
2009-10-02,1.5,0.0,7.0,19.0,1.5
2009-10-03,0.0,0.0,8.0,19.0,0.0
2009-10-04,0.5,0.0,8.0,19.0,0.5
2009-10-05,0.5,7.022149562835693,9.0,21.0,-6.522149562835693
2009-10-06,0.0,0.0,9.0,22.0,0.0
2009-10-07,0.5,0.0,6.0,21.0,0.5
2009-10-08,2.0,0.0,7.0,21.0,2.0
2009-10-09,2.0,11.36329746246338,8.0,17.0,-9.36329746246338
2009-10-10,0.0,5.6816487312316895,8.0,20.0,-5.6816487312316895
2009-10-11,0.0,0.0,8.0,17.0,0.0
2009-10-12,17.0,0.0,8.0,17.0,17.0
2009-10-13,0.0,24.966312408447266,9.0,19.0,-24.966312408447266
2009-10-14,0.0,0.0,7.0,19.0,0.0
2009-10-15,0.0,0.0,5.0,20.0,0.0
2009-10-16,0.0,0.0,6.0,19.0,0.0
2009-10-17,3.0,0.0,6.0,19.0,3.0
2009-10-18,0.0,0.0,6.0,18.0,0.0
2009-10-19,0.0,0.0,4.0,18.0,0.0
2009-10-20,0.0,0.0,4.0,18.0,0.0
2009-10-21,0.0,0.0,6.0,20.0,0.0
2009-10-22,0.0,0.0,6.0,19.0,0.0
2009-10-23,5.0,0.0,5.0,19.0,5.0
2009-10-24,60.0,0.0,8.0,18.0,60.0
2009-10-25,0.0,27.213945388793945,5.0,17.0,-27.213945388793945
2009-10-26,10.5,0.0,6.0,15.0,10.5
2009-10-27,3.0,0.0,8.0,15.0,3.0
2009-10-28,5.0,10.501018524169922,9.0,15.0,-5.501018524169922
2009-10-29,0.0,10.501018524169922,8.0,16.0,-10.501018524169922
2009-10-30,4.0,0.0,6.0,17.0,4.0
2009-10-31,15.0,31.50305557250977,8.0,17.0,-16.50305557250977
2009-11-01,0.0,5.553081512451172,7.0,16.0,-5.553081512451172
2009-11-02,11.5,0.0,8.0,17.0,11.5
2009-11-03,0.0,0.0,4.0,19.0,0.0
2009-11-04,12.0,0.0,5.0,15.0,12.0
2009-11-05,0.0,0.0,4.0,16.0,0.0
2009-11-06,0.0,0.0,1.0,17.0,0.0
2009-11-07,0.0,0.0,2.0,17.0,0.0
2009-11-08,0.0,0.0,3.0,16.0,0.0
2009-11-09,0.0,0.0,3.0,17.0,0.0
2009-11-10,0.0,0.0,3.0,18.0,0.0
2009-11-11,0.0,0.0,2.0,18.0,0.0
2009-11-12,0.0,0.0,3.0,17.0,0.0
2009-11-13,0.0,0.0,2.0,18.0,0.0
2009-11-14,0.0,0.0,3.0,18.0,0.0
2009-11-15,0.0,0.0,2.0,18.0,0.0
2009-11-16,0.0,0.0,1.0,19.0,0.0
2009-11-17,0.0,0.0,3.0,18.0,0.0
2009-11-18,0.0,0.0,4.0,17.0,0.0
2009-11-19,0.0,0.0,4.0,18.0,0.0
2009-11-20,0.0,0.0,2.0,19.0,0.0
2009-11-21,0.0,0.0,3.0,17.0,0.0
2009-11-22,0.0,0.0,3.0,19.0,0.0
2009-11-23,0.0,0.0,4.0,18.0,0.0
2009-11-24,0.0,0.0,3.0,18.0,0.0
2009-11-25,0.0,0.0,2.0,17.0,0.0
2009-11-26,0.0,0.0,4.0,18.0,0.0
2009-11-27,0.0,0.0,1.0,17.0,0.0
2009-11-28,0.0,0.0,2.0,18.0,0.0
2009-11-29,0.0,0.0,3.0,19.0,0.0
2009-11-30,0.0,0.0,3.0,19.0,0.0
2009-12-01,15.5,0.0,6.0,16.0,15.5
2009-12-02,0.0,0.0,7.0,17.0,0.0
2009-12-03,0.5,0.0,3.0,17.0,0.5
2009-12-04,0.0,0.0,5.0,17.0,0.0
2009-12-05,0.0,0.0,6.0,15.0,0.0
2009-12-06,0.0,1.4880976676940918,4.0,18.0,-1.4880976676940918
2009-12-07,0.0,0.0,,19.0,0.0
2009-12-08,0.0,0.0,,18.0,0.0
2009-12-09,0.0,0.0,,20.0,0.0
2009-12-10,0.0,0.0,,19.0,0.0
2009-12-11,0.0,0.0,,18.0,0.0
2009-12-12,0.0,0.0,,17.0,0.0
2009-12-13,0.0,0.0,,19.0,0.0
2009-12-14,0.0,0.0,3.0,18.0,0.0
2009-12-15,0.0,0.0,3.0,19.0,0.0
2009-12-16,0.0,0.3745357990264892,4.0,15.0,-0.3745357990264892
2009-12-17,0.0,0.0,5.0,17.0,0.0
2009-12-18,0.0,0.3745357990264892,2.0,15.0,-0.3745357990264892
2009-12-19,0.0,1.8726789951324463,3.0,12.0,-1.8726789951324463
2009-12-20,5.0,0.3745357990264892,2.0,12.0,4.625464200973511
2009-12-21,0.0,0.0,1.0,14.0,0.0
2009-12-22,0.0,0.0,-1.0,14.0,0.0
2009-12-23,0.0,0.0,0.0,14.0,0.0
2009-12-24,0.0,0.0,4.0,15.0,0.0
2009-12-25,0.0,0.0,0.0,16.0,0.0
2009-12-26,0.0,0.0,1.0,17.0,0.0
2009-12-27,0.0,0.0,1.0,19.0,0.0
2009-12-28,0.0,0.0,0.0,18.0,0.0
2009-12-29,0.0,0.0,1.0,18.0,0.0
2009-12-30,0.0,0.0,3.0,18.0,0.0
2009-12-31,0.0,0.0,2.0,19.0,0.0
2010-01-01,0.0,0.0,2.0,18.0,0.0
2010-01-02,0.0,0.0,2.0,15.0,0.0
2010-01-03,0.0,0.0,4.0,14.0,0.0
2010-01-04,0.0,0.0,3.0,15.0,0.0
2010-01-05,0.0,0.0,2.0,14.0,0.0
2010-01-06,0.0,0.0,2.0,16.0,0.0
2010-01-07,10.0,0.0,2.0,15.0,10.0
2010-01-08,14.5,14.203673362731934,4.0,12.0,0.2963266372680664
2010-01-09,3.0,0.0,5.0,10.0,3.0
2010-01-10,0.0,0.0,3.0,12.0,0.0
2010-01-11,0.0,0.0,2.0,11.0,0.0
2010-01-12,0.0,0.0,-2.0,13.0,0.0
2010-01-13,0.0,0.0,0.0,12.0,0.0
2010-01-14,0.3,0.0,2.0,14.0,0.3
2010-01-15,17.0,0.0,4.0,13.0,17.0
2010-01-16,4.5,0.0,5.0,12.0,4.5
2010-01-17,0.0,0.0,5.0,15.0,0.0
2010-01-18,0.0,0.0,4.0,18.0,0.0
2010-01-19,0.0,0.0,2.0,19.0,0.0
2010-01-20,0.0,0.0,2.0,19.0,0.0
2010-01-21,0.0,0.0,2.0,19.0,0.0
2010-01-22,0.0,0.0,-1.0,20.0,0.0
2010-01-23,0.0,0.0,0.0,20.0,0.0
2010-01-24,0.0,0.0,-2.0,19.0,0.0
2010-01-25,0.0,0.0,1.0,19.0,0.0
2010-01-26,0.0,0.0,1.0,18.0,0.0
2010-01-27,0.0,0.0,1.0,18.0,0.0
2010-01-28,0.0,0.0,1.0,18.0,0.0
2010-01-29,0.0,0.0,3.0,17.0,0.0
2010-01-30,4.5,5.196372985839844,5.0,14.0,-0.6963729858398438
2010-01-31,0.0,0.0,2.0,13.0,0.0
2010-02-01,2.5,0.0,2.0,16.0,2.5
2010-02-02,9.0,0.0,5.0,15.0,9.0
2010-02-03,38.5,0.0,5.0,13.0,38.5
2010-02-04,90.0,2.5692057609558105,7.0,12.0,87.43079423904419
2010-02-05,0.0,0.0,5.0,15.0,0.0
2010-02-06,0.0,0.0,1.0,17.0,0.0
2010-02-07,0.0,0.0,-1.0,18.0,0.0
2010-02-08,0.0,0.0,-1.0,16.0,0.0
2010-02-09,0.0,0.0,1.0,17.0,0.0
2010-02-10,0.0,0.0,1.0,18.0,0.0
2010-02-11,0.0,0.0,2.0,18.0,0.0
2010-02-12,0.0,1.3746497631072998,3.0,18.0,-1.3746497631072998
2010-02-13,0.0,0.0,3.0,16.0,0.0
2010-02-14,0.0,0.0,3.0,18.0,0.0
2010-02-15,0.0,0.0,2.0,17.0,0.0
2010-02-16,5.0,0.0,3.0,16.0,5.0
2010-02-17,8.5,3.042886018753052,6.0,13.0,5.457113981246948
2010-02-18,3.0,0.0,5.0,10.0,3.0
2010-02-19,0.0,0.0,2.0,14.0,0.0
2010-02-20,0.0,0.0,3.0,17.0,0.0
2010-02-21,0.0,0.0,5.0,18.0,0.0
2010-02-22,0.0,0.0,4.0,19.0,0.0
2010-02-23,0.0,0.0,5.0,18.0,0.0
2010-02-24,0.0,0.0,3.0,20.0,0.0
2010-02-25,0.0,0.0,0.0,20.0,0.0
2010-02-26,0.0,0.0,0.0,18.0,0.0
2010-02-27,0.0,0.0,1.0,19.0,0.0
2010-02-28,0.0,0.0,1.0,18.0,0.0
2010-03-01,0.0,0.0,1.0,18.0,0.0
2010-03-02,0.0,0.0,-1.0,20.0,0.0
2010-03-03,0.0,0.0,0.0,20.0,0.0
2010-03-04,0.0,0.0,2.0,21.0,0.0
2010-03-05,0.0,0.0,2.0,20.0,0.0
2010-03-06,0.0,0.0,2.0,21.0,0.0
2010-03-07,0.0,0.0,3.0,23.0,0.0
2010-03-08,0.0,1.6187176704406738,6.0,20.0,-1.6187176704406738
2010-03-09,0.0,3.237435340881348,6.0,23.0,-3.237435340881348
2010-03-10,0.0,0.0,8.0,21.0,0.0
2010-03-11,0.0,0.0,8.0,21.0,0.0
2010-03-12,0.0,0.0,5.0,23.0,0.0
2010-03-13,0.0,0.0,2.0,22.0,0.0
2010-03-14,0.0,0.0,5.0,22.0,0.0
2010-03-15,0.0,0.0,6.0,23.0,0.0
2010-03-16,0.0,0.0,6.0,20.0,0.0
2010-03-17,5.0,0.0,3.0,22.0,5.0
2010-03-18,6.0,0.0,4.0,21.0,6.0
2010-03-19,0.0,0.0,4.0,19.0,0.0
2010-03-20,0.0,0.0,3.0,20.0,0.0
2010-03-21,0.0,0.0,1.0,21.0,0.0
2010-03-22,0.0,0.0,2.0,22.0,0.0
2010-03-23,0.0,0.0,3.0,22.0,0.0
2010-03-24,0.0,0.0,2.0,21.0,0.0
2010-03-25,0.0,0.0,3.0,24.0,0.0
2010-03-26,0.0,0.0,2.0,24.0,0.0
2010-03-27,0.0,0.0,4.0,23.0,0.0
2010-03-28,0.0,0.0,4.0,22.0,0.0
2010-03-29,0.0,0.0,3.0,21.0,0.0
2010-03-30,0.0,0.0,6.0,21.0,0.0
2010-03-31,0.0,0.0,3.0,23.0,0.0
2010-04-01,0.0,0.0,3.0,21.0,0.0
2010-04-02,0.0,0.0,3.0,22.0,0.0
2010-04-03,0.0,0.0,3.0,23.0,0.0
2010-04-04,0.0,4.384853363037109,6.0,24.0,-4.384853363037109
2010-04-05,0.0,0.0,6.0,23.0,0.0
2010-04-06,0.0,0.0,6.0,23.0,0.0
2010-04-07,0.0,0.0,6.0,24.0,0.0
2010-04-08,7.0,0.0,6.0,23.0,7.0
2010-04-09,0.0,7.079448699951172,6.0,22.0,-7.079448699951172
2010-04-10,0.0,0.0,7.0,24.0,0.0
2010-04-11,0.0,0.0,7.0,24.0,0.0
2010-04-12,2.5,0.0,7.0,21.0,2.5
2010-04-13,0.3,0.0,8.0,21.0,0.3
2010-04-14,0.0,0.0,5.0,22.0,0.0
2010-04-15,0.0,0.0,3.0,22.0,0.0
2010-04-16,0.0,0.0,3.0,19.0,0.0
2010-04-17,0.0,0.0,4.0,21.0,0.0
2010-04-18,0.0,0.0,3.0,22.0,0.0
2010-04-19,0.0,0.0,3.0,22.0,0.0
2010-04-20,0.0,0.0,2.0,22.0,0.0
2010-04-21,0.0,0.0,3.0,23.0,0.0
2010-04-22,0.0,3.4753777980804443,5.0,23.0,-3.4753777980804443
2010-04-23,0.0,0.0,6.0,23.0,0.0
2010-04-24,0.0,0.0,6.0,25.0,0.0
2010-04-25,0.0,0.0,6.0,26.0,0.0
2010-04-26,0.0,0.0,6.0,26.0,0.0
2010-04-27,0.0,0.0,7.0,26.0,0.0
2010-04-28,0.0,0.0,6.0,24.0,0.0
2010-04-29,0.0,0.0,4.0,25.0,0.0
2010-04-30,0.0,0.0,4.0,24.0,0.0
2010-05-01,0.0,0.0,5.0,25.0,0.0
2010-05-02,0.0,0.0,4.0,25.0,0.0
2010-05-03,0.0,0.0,3.0,27.0,0.0
2010-05-04,0.0,0.0,3.0,26.0,0.0
2010-05-05,0.0,0.0,2.0,25.0,0.0
2010-05-06,0.0,0.0,5.0,27.0,0.0
2010-05-07,0.0,0.0,6.0,26.0,0.0
2010-05-08,0.0,0.0,5.0,27.0,0.0
2010-05-09,0.0,0.0,8.0,25.0,0.0
2010-05-10,4.5,0.0,7.0,22.0,4.5
2010-05-11,0.0,0.0,6.0,23.0,0.0
2010-05-12,0.0,0.0,5.0,21.0,0.0
2010-05-13,0.0,0.0,6.0,24.0,0.0
2010-05-14,4.5,0.0,9.0,25.0,4.5
2010-05-15,9.0,0.0,10.0,25.0,9.0
2010-05-16,3.0,0.0,7.0,22.0,3.0
2010-05-17,0.0,0.0,7.0,23.0,0.0
2010-05-18,1.0,0.0,7.0,25.0,1.0
2010-05-19,1.5,0.0,7.0,25.0,1.5
2010-05-20,0.0,0.0,8.0,27.0,0.0
2010-05-21,0.0,0.0,7.0,28.0,0.0
2010-05-22,0.0,0.0,8.0,26.0,0.0
2010-05-23,0.0,0.0,7.0,27.0,0.0
2010-05-24,10.0,0.0,8.0,26.0,10.0
2010-05-25,2.0,0.0,10.0,24.0,2.0
2010-05-26,3.0,0.0,9.0,24.0,3.0
2010-05-27,12.5,28.52140617370605,8.0,21.0,-16.02140617370605
2010-05-28,0.0,0.0,7.0,22.0,0.0
2010-05-29,0.0,0.0,9.0,25.0,0.0
2010-05-30,0.0,0.0,7.0,25.0,0.0
2010-05-31,0.0,0.0,5.0,22.0,0.0
2010-06-01,0.0,0.0,5.0,25.0,0.0
2010-06-02,0.0,0.0,6.0,26.0,0.0
2010-06-03,0.0,0.0,6.0,27.0,0.0
2010-06-04,0.0,0.0,7.0,27.0,0.0
2010-06-05,2.0,0.0,8.0,25.0,2.0
2010-06-06,48.0,0.0,6.0,25.0,48.0
2010-06-07,0.0,14.19499683380127,7.0,23.0,-14.19499683380127
2010-06-08,0.0,0.0,8.0,25.0,0.0
2010-06-09,0.0,14.19499683380127,7.0,24.0,-14.19499683380127
2010-06-10,0.0,0.0,9.0,23.0,0.0
2010-06-11,25.0,9.41154956817627,10.0,23.0,15.58845043182373
2010-06-12,38.5,9.41154956817627,10.0,21.0,29.08845043182373
2010-06-13,10.5,14.117324829101562,8.0,19.0,-3.6173248291015625
2010-06-14,12.5,4.705774784088135,7.0,20.0,7.794225215911865
2010-06-15,0.0,0.0,8.0,20.0,0.0
2010-06-16,0.0,0.0,10.0,20.0,0.0
2010-06-17,11.0,0.0,9.0,18.0,11.0
2010-06-18,1.5,0.0,9.0,20.0,1.5
2010-06-19,0.5,15.890860557556152,7.0,21.0,-15.390860557556152
2010-06-20,0.0,0.0,6.0,21.0,0.0
2010-06-21,1.0,0.0,9.0,22.0,1.0
2010-06-22,1.0,0.0,10.0,22.0,1.0
2010-06-23,0.0,4.693321228027344,7.0,23.0,-4.693321228027344
2010-06-24,3.5,0.0,10.0,23.0,3.5
2010-06-25,0.0,4.693321228027344,8.0,23.0,-4.693321228027344
2010-06-26,10.5,0.0,11.0,23.0,10.5
2010-06-27,11.0,9.919957160949709,10.0,19.0,1.0800428390502912
2010-06-28,0.5,9.919957160949709,9.0,20.0,-9.419957160949709
2010-06-29,14.5,9.919957160949709,8.0,18.0,4.580042839050291
2010-06-30,42.0,19.83991432189941,9.0,18.0,22.16008567810059
2010-07-01,13.0,7.494464874267578,10.0,16.0,5.505535125732422
2010-07-02,1.0,0.0,10.0,19.0,1.0
2010-07-03,7.5,22.48339462280273,10.0,20.0,-14.98339462280273
2010-07-04,25.0,7.494464874267578,8.0,19.0,17.505535125732422
2010-07-05,0.0,0.0,8.0,19.0,0.0
2010-07-06,12.0,0.0,8.0,19.0,12.0
2010-07-07,11.0,19.14044189453125,9.0,17.0,-8.14044189453125
2010-07-08,45.5,19.14044189453125,10.0,16.0,26.35955810546875
2010-07-09,62.0,25.52058982849121,9.0,14.0,36.47941017150879
2010-07-10,4.0,12.760294914245604,9.0,17.0,-8.760294914245604
2010-07-11,0.0,6.3882904052734375,9.0,18.0,-6.3882904052734375
2010-07-12,1.5,0.0,6.0,20.0,1.5
2010-07-13,0.0,0.0,7.0,21.0,0.0
2010-07-14,0.0,6.3882904052734375,9.0,19.0,-6.3882904052734375
2010-07-15,1.0,0.0,9.0,20.0,1.0
2010-07-16,15.0,0.0,8.0,18.0,15.0
2010-07-17,5.5,4.606510639190674,6.0,18.0,0.8934893608093262
2010-07-18,6.0,4.606510639190674,7.0,19.0,1.3934893608093262
2010-07-19,0.4,9.213021278381348,9.0,17.0,-8.813021278381347
2010-07-20,4.0,9.213021278381348,9.0,17.0,-5.213021278381348
2010-07-21,11.0,33.194637298583984,9.0,17.0,-22.194637298583984
2010-07-22,74.0,11.064879417419434,9.0,16.0,62.935120582580566
2010-07-23,24.0,22.129758834838867,9.0,15.0,1.8702411651611328
2010-07-24,7.5,11.064879417419434,9.0,15.0,-3.5648794174194336
2010-07-25,0.0,0.0,9.0,18.0,0.0
2010-07-26,1.5,8.333086967468262,8.0,17.0,-6.833086967468262
2010-07-27,0.5,8.333086967468262,8.0,18.0,-7.833086967468262
2010-07-28,15.5,8.333086967468262,8.0,17.0,7.166913032531738
2010-07-29,0.0,0.0,9.0,19.0,0.0
2010-07-30,0.0,4.166543483734131,6.0,20.0,-4.166543483734131
2010-07-31,7.0,0.0,5.0,20.0,7.0
2010-08-01,0.0,0.0,6.0,20.0,0.0
2010-08-02,9.0,0.0,7.0,20.0,9.0
2010-08-03,10.0,0.0,8.0,19.0,10.0
2010-08-04,6.5,0.0,7.0,19.0,6.5
2010-08-05,0.0,9.102937698364258,7.0,18.0,-9.102937698364258
2010-08-06,0.0,0.0,8.0,17.0,0.0
2010-08-07,0.5,0.0,9.0,20.0,0.5
2010-08-08,0.0,28.392969131469727,9.0,18.0,-28.392969131469727
2010-08-09,24.0,18.928646087646484,10.0,19.0,5.071353912353516
2010-08-10,26.0,9.464323043823242,9.0,20.0,16.535676956176758
2010-08-11,4.0,6.06712818145752,8.0,18.0,-2.0671281814575204
2010-08-12,14.5,12.13425636291504,8.0,20.0,2.365743637084959
2010-08-13,36.0,18.20138359069824,10.0,18.0,17.79861640930176
2010-08-14,0.0,12.13425636291504,9.0,18.0,-12.13425636291504
2010-08-15,2.5,6.06712818145752,8.0,20.0,-3.5671281814575204
2010-08-16,18.5,0.0,9.0,17.0,18.5
2010-08-17,100.0,13.841087341308594,10.0,17.0,86.1589126586914
2010-08-18,6.0,27.682174682617188,9.0,19.0,-21.682174682617188
2010-08-19,8.0,27.682174682617188,8.0,16.0,-19.682174682617188
2010-08-20,33.0,13.841087341308594,7.0,17.0,19.158912658691406
2010-08-21,7.5,8.41239070892334,7.0,18.0,-0.9123907089233398
2010-08-22,0.0,16.82478141784668,7.0,19.0,-16.82478141784668
2010-08-23,0.0,16.82478141784668,6.0,17.0,-16.82478141784668
2010-08-24,4.0,8.41239070892334,7.0,20.0,-4.41239070892334
2010-08-25,10.5,16.82478141784668,8.0,18.0,-6.32478141784668
2010-08-26,9.5,7.37105655670166,10.0,16.0,2.12894344329834
2010-08-27,13.5,3.68552827835083,9.0,20.0,9.81447172164917
2010-08-28,2.0,7.37105655670166,8.0,18.0,-5.37105655670166
2010-08-29,0.0,7.37105655670166,8.0,17.0,-7.37105655670166
2010-08-30,0.0,7.37105655670166,8.0,17.0,-7.37105655670166
2010-08-31,4.5,14.74211311340332,8.0,15.0,-10.24211311340332
2010-09-01,1.0,0.0,10.0,16.0,1.0
2010-09-02,17.0,6.40348482131958,8.0,16.0,10.59651517868042
2010-09-03,2.0,19.2104549407959,8.0,17.0,-17.2104549407959
2010-09-04,53.5,12.80696964263916,8.0,17.0,40.69303035736084
2010-09-05,56.0,19.2104549407959,8.0,13.0,36.7895450592041
2010-09-06,13.0,13.967272758483888,10.0,15.0,-0.9672727584838885
2010-09-07,0.5,13.967272758483888,10.0,15.0,-13.467272758483888
2010-09-08,4.0,0.0,10.0,18.0,4.0
2010-09-09,1.5,0.0,10.0,18.0,1.5
2010-09-10,0.0,27.934545516967773,10.0,18.0,-27.934545516967773
2010-09-11,5.0,0.0,9.0,19.0,5.0
2010-09-12,0.0,6.212564945220947,9.0,19.0,-6.212564945220947
2010-09-13,0.0,0.0,6.0,18.0,0.0
2010-09-14,8.5,6.212564945220947,6.0,18.0,2.2874350547790527
2010-09-15,11.5,12.425129890441896,7.0,19.0,-0.9251298904418963
2010-09-16,1.0,7.8849287033081055,8.0,18.0,-6.8849287033081055
2010-09-17,24.0,31.539714813232425,8.0,15.0,-7.539714813232425
2010-09-18,64.5,7.8849287033081055,8.0,18.0,56.615071296691895
2010-09-19,1.0,23.654783248901367,10.0,18.0,-22.654783248901367
2010-09-20,0.0,0.0,10.0,17.0,0.0
2010-09-21,0.5,6.655370235443115,10.0,18.0,-6.155370235443115
2010-09-22,0.5,6.655370235443115,7.0,19.0,-6.155370235443115
2010-09-23,3.5,6.655370235443115,7.0,18.0,-3.1553702354431152
2010-09-24,12.0,13.31074047088623,8.0,18.0,-1.3107404708862305
2010-09-25,23.0,6.655370235443115,8.0,17.0,16.344629764556885
2010-09-26,0.0,27.31638526916504,7.0,15.0,-27.31638526916504
2010-09-27,7.0,5.463277339935303,7.0,13.0,1.5367226600646973
2010-09-28,5.0,0.0,8.0,16.0,5.0
2010-09-29,0.0,0.0,4.0,19.0,0.0
2010-09-30,0.0,0.0,3.0,19.0,0.0
2010-10-01,0.0,0.0,4.0,19.0,0.0
2010-10-02,0.0,0.0,3.0,19.0,0.0
2010-10-03,0.0,0.0,2.0,19.0,0.0
2010-10-04,0.0,0.0,3.0,17.0,0.0
2010-10-05,0.0,0.0,4.0,18.0,0.0
2010-10-06,0.5,0.0,4.0,18.0,0.5
2010-10-07,0.0,0.0,3.0,17.0,0.0
2010-10-08,0.0,0.0,3.0,17.0,0.0
2010-10-09,0.0,0.0,4.0,18.0,0.0
2010-10-10,0.0,0.0,4.0,17.0,0.0
2010-10-11,0.0,0.0,5.0,20.0,0.0
2010-10-12,1.0,0.0,6.0,21.0,1.0
2010-10-13,0.0,0.0,4.0,20.0,0.0
2010-10-14,0.0,0.0,3.0,18.0,0.0
2010-10-15,0.0,0.0,2.0,16.0,0.0
2010-10-16,0.0,0.0,2.0,16.0,0.0
2010-10-17,0.0,0.0,3.0,17.0,0.0
2010-10-18,0.0,0.0,5.0,19.0,0.0
2010-10-19,0.0,0.0,6.0,17.0,0.0
2010-10-20,0.0,0.0,4.0,20.0,0.0
2010-10-21,0.0,3.930083751678467,4.0,21.0,-3.930083751678467
2010-10-22,0.0,0.0,4.0,21.0,0.0
2010-10-23,0.0,0.0,4.0,20.0,0.0
2010-10-24,0.0,0.0,4.0,21.0,0.0
2010-10-25,0.0,0.0,4.0,21.0,0.0
2010-10-26,0.0,0.0,4.0,21.0,0.0
2010-10-27,0.0,0.0,5.0,22.0,0.0
2010-10-28,0.0,0.0,5.0,23.0,0.0
2010-10-29,0.0,0.0,4.0,18.0,0.0
2010-10-30,0.0,0.0,4.0,18.0,0.0
2010-10-31,0.0,7.665898323059082,3.0,19.0,-7.665898323059082
2010-11-01,0.0,0.0,4.0,21.0,0.0
2010-11-02,1.5,0.0,6.0,18.0,1.5
2010-11-03,3.0,3.2927446365356445,5.0,18.0,-0.29274463653564453
2010-11-04,0.0,3.318204164505005,2.0,16.0,-3.318204164505005
2010-11-05,0.0,0.0,-2.0,16.0,0.0
2010-11-06,0.0,0.0,-4.0,16.0,0.0
2010-11-07,0.0,0.0,-4.0,15.0,0.0
2010-11-08,0.0,0.0,-4.0,15.0,0.0
2010-11-09,0.0,0.0,-3.0,16.0,0.0
2010-11-10,0.0,0.0,-2.0,17.0,0.0
2010-11-11,0.0,0.0,0.0,18.0,0.0
2010-11-12,0.0,0.0,1.0,18.0,0.0
2010-11-13,0.0,0.0,1.0,18.0,0.0
2010-11-14,0.0,0.0,3.0,18.0,0.0
2010-11-15,0.0,0.0,5.0,17.0,0.0
2010-11-16,0.0,0.0,2.0,18.0,0.0
2010-11-17,0.0,0.0,2.0,18.0,0.0
2010-11-18,0.0,0.0,3.0,18.0,0.0
2010-11-19,0.0,0.0,2.0,19.0,0.0
2010-11-20,0.0,0.0,3.0,20.0,0.0
2010-11-21,0.0,0.0,3.0,20.0,0.0
2010-11-22,0.0,0.0,4.0,21.0,0.0
2010-11-23,0.0,0.0,4.0,21.0,0.0
2010-11-24,0.0,0.0,2.0,20.0,0.0
2010-11-25,0.0,0.0,3.0,18.0,0.0
2010-11-26,0.0,0.0,5.0,18.0,0.0
2010-11-27,0.0,0.0,6.0,18.0,0.0
2010-11-28,0.0,0.0,3.0,19.0,0.0
2010-11-29,0.0,0.0,4.0,19.0,0.0
2010-11-30,0.0,0.0,2.0,21.0,0.0
2010-12-01,0.0,0.0,3.0,18.0,0.0
2010-12-02,0.0,0.0,2.0,18.0,0.0
2010-12-03,0.0,0.0,0.0,17.0,0.0
2010-12-04,0.0,0.0,-1.0,18.0,0.0
2010-12-05,0.0,0.0,-2.0,19.0,0.0
2010-12-06,0.0,0.0,-2.0,17.0,0.0
2010-12-07,0.0,0.0,-1.0,16.0,0.0
2010-12-08,0.0,0.0,-1.0,17.0,0.0
2010-12-09,0.0,0.0,-3.0,15.0,0.0
2010-12-10,0.0,0.0,-3.0,17.0,0.0
2010-12-11,0.0,0.0,-4.0,17.0,0.0
2010-12-12,0.0,0.0,-4.0,19.0,0.0
2010-12-13,0.0,0.0,-3.0,16.0,0.0
2010-12-14,0.0,0.0,-3.0,15.0,0.0
2010-12-15,0.0,0.0,-3.0,17.0,0.0
2010-12-16,0.0,0.0,-1.0,16.0,0.0
2010-12-17,0.0,0.0,-2.0,17.0,0.0
2010-12-18,0.0,0.0,-2.0,17.0,0.0
2010-12-19,0.0,0.0,-2.0,17.0,0.0
2010-12-20,0.0,0.0,-1.0,17.0,0.0
2010-12-21,0.0,0.0,0.0,19.0,0.0
2010-12-22,0.0,0.0,0.0,19.0,0.0
2010-12-23,0.0,0.0,-1.0,18.0,0.0
2010-12-24,0.0,0.0,-1.0,17.0,0.0
2010-12-25,0.0,0.0,0.0,17.0,0.0
2010-12-26,0.0,0.0,0.0,14.0,0.0
2010-12-27,0.0,0.0,-1.0,16.0,0.0
2010-12-28,0.0,0.0,-1.0,17.0,0.0
2010-12-29,0.0,0.0,1.0,17.0,0.0
2010-12-30,0.0,0.0,4.0,17.0,0.0
2010-12-31,0.0,0.0,5.0,17.0,0.0
2011-01-01,0.0,0.0,2.0,18.0,0.0
2011-01-02,0.0,0.0,1.0,20.0,0.0
2011-01-03,0.0,0.0,3.0,19.0,0.0
2011-01-04,0.0,0.0,1.0,21.0,0.0
2011-01-05,0.0,0.0,1.0,21.0,0.0
2011-01-06,0.0,0.0,1.0,20.0,0.0
2011-01-07,0.0,0.0,1.0,19.0,0.0
2011-01-08,0.0,0.0,2.0,19.0,0.0
2011-01-09,0.0,0.0,3.0,18.0,0.0
2011-01-10,0.0,0.0,-1.0,20.0,0.0
2011-01-11,0.0,0.0,-1.0,21.0,0.0
2011-01-12,0.0,0.0,0.0,17.0,0.0
2011-01-13,0.0,0.0,-1.0,16.0,0.0
2011-01-14,0.0,0.0,0.0,16.0,0.0
2011-01-15,0.0,0.0,1.0,16.0,0.0
2011-01-16,0.0,0.0,2.0,16.0,0.0
2011-01-17,0.0,0.0,0.0,17.0,0.0
2011-01-18,0.0,0.0,-2.0,18.0,0.0
2011-01-19,0.0,0.0,-2.0,20.0,0.0
2011-01-20,0.0,0.0,-1.0,20.0,0.0
2011-01-21,0.0,0.0,1.0,20.0,0.0
2011-01-22,0.0,0.0,0.0,20.0,0.0
2011-01-23,0.0,0.0,1.0,18.0,0.0
2011-01-24,0.0,0.0,1.0,17.0,0.0
2011-01-25,0.0,0.0,2.0,19.0,0.0
2011-01-26,0.0,0.0,-1.0,18.0,0.0
2011-01-27,0.0,0.0,-1.0,18.0,0.0
2011-01-28,0.0,0.0,0.0,18.0,0.0
2011-01-29,0.0,0.0,1.0,18.0,0.0
2011-01-30,0.0,0.0,1.0,19.0,0.0
2011-01-31,0.0,0.0,2.0,20.0,0.0
2011-02-01,0.0,0.0,3.0,20.0,0.0
2011-02-02,0.0,0.0,1.0,19.0,0.0
2011-02-03,0.0,0.0,3.0,17.0,0.0
2011-02-04,0.5,0.0,3.0,17.0,0.5
2011-02-05,0.0,0.0,4.0,16.0,0.0
2011-02-06,0.0,0.0,3.0,19.0,0.0
2011-02-07,0.0,0.0,0.0,21.0,0.0
2011-02-08,0.0,0.0,2.0,19.0,0.0
2011-02-09,0.0,0.0,3.0,19.0,0.0
2011-02-10,0.0,0.0,3.0,19.0,0.0
2011-02-11,0.0,0.0,2.0,19.0,0.0
2011-02-12,0.0,0.0,3.0,17.0,0.0
2011-02-13,0.0,0.0,1.0,19.0,0.0
2011-02-14,0.0,0.0,0.0,20.0,0.0
2011-02-15,0.0,0.0,0.0,20.0,0.0
2011-02-16,0.0,0.0,0.0,21.0,0.0
2011-02-17,0.0,0.0,0.0,21.0,0.0
2011-02-18,0.0,0.0,1.0,21.0,0.0
2011-02-19,0.0,0.0,0.0,21.0,0.0
2011-02-20,0.0,0.0,1.0,21.0,0.0
2011-02-21,0.0,0.0,1.0,19.0,0.0
2011-02-22,0.0,0.0,1.0,20.0,0.0
2011-02-23,0.0,0.0,4.0,20.0,0.0
2011-02-24,0.0,0.0,2.0,20.0,0.0
2011-02-25,0.0,0.0,3.0,22.0,0.0
2011-02-26,0.0,0.0,4.0,21.0,0.0
2011-02-27,0.0,0.0,3.0,22.0,0.0
2011-02-28,0.0,0.0,3.0,24.0,0.0
2011-03-01,0.0,0.0,4.0,23.0,0.0
2011-03-02,0.0,0.0,2.0,23.0,0.0
2011-03-03,0.0,0.0,1.0,23.0,0.0
2011-03-04,0.0,0.0,1.0,22.0,0.0
2011-03-05,0.0,0.0,3.0,23.0,0.0
2011-03-06,0.0,0.0,5.0,20.0,0.0
2011-03-07,0.0,4.814756393432617,4.0,20.0,-4.814756393432617
2011-03-08,0.0,0.0,2.0,21.0,0.0
2011-03-09,0.0,0.0,1.0,21.0,0.0
2011-03-10,0.0,0.0,4.0,20.0,0.0
2011-03-11,0.0,0.0,-1.0,19.0,0.0
2011-03-12,0.0,0.0,0.0,21.0,0.0
2011-03-13,0.0,0.0,2.0,21.0,0.0
2011-03-14,0.0,0.0,2.0,22.0,0.0
2011-03-15,0.0,0.0,3.0,21.0,0.0
2011-03-16,0.0,0.0,3.0,22.0,0.0
2011-03-17,0.0,0.0,2.0,22.0,0.0
2011-03-18,0.0,0.0,2.0,22.0,0.0
2011-03-19,0.0,0.0,1.0,23.0,0.0
2011-03-20,0.0,0.0,3.0,23.0,0.0
2011-03-21,0.0,0.0,0.0,21.0,0.0
2011-03-22,0.0,0.0,0.0,20.0,0.0
2011-03-23,0.0,0.0,3.0,22.0,0.0
2011-03-24,0.0,0.0,2.0,22.0,0.0
2011-03-25,0.0,0.0,3.0,23.0,0.0
2011-03-26,0.0,0.0,3.0,23.0,0.0
2011-03-27,0.0,0.0,6.0,24.0,0.0
2011-03-28,0.0,0.0,5.0,24.0,0.0
2011-03-29,0.0,0.0,4.0,25.0,0.0
2011-03-30,0.0,0.0,5.0,26.0,0.0
2011-03-31,0.0,0.0,4.0,22.0,0.0
2011-04-01,0.0,0.0,4.0,25.0,0.0
2011-04-02,0.0,0.0,5.0,26.0,0.0
2011-04-03,0.0,0.0,8.0,25.0,0.0
2011-04-04,0.0,0.0,6.0,25.0,0.0
2011-04-05,0.0,0.0,6.0,24.0,0.0
2011-04-06,0.0,0.0,6.0,25.0,0.0
2011-04-07,0.0,0.0,5.0,25.0,0.0
2011-04-08,0.0,0.0,6.0,25.0,0.0
2011-04-09,0.0,0.0,6.0,25.0,0.0
2011-04-10,0.0,0.0,8.0,25.0,0.0
2011-04-11,0.0,0.0,7.0,25.0,0.0
2011-04-12,0.0,8.840885162353516,8.0,23.0,-8.840885162353516
2011-04-13,0.0,0.0,5.0,25.0,0.0
2011-04-14,0.0,0.0,5.0,25.0,0.0
2011-04-15,27.5,0.0,7.0,25.0,27.5
2011-04-16,8.0,16.675737380981445,6.0,22.0,-8.675737380981445
2011-04-17,0.0,0.0,5.0,20.0,0.0
2011-04-18,0.0,0.0,5.0,23.0,0.0
2011-04-19,0.0,0.0,6.0,23.0,0.0
2011-04-20,0.0,0.0,6.0,24.0,0.0
2011-04-21,3.0,0.0,5.0,23.0,3.0
2011-04-22,0.0,0.0,5.0,22.0,0.0
2011-04-23,1.5,0.0,5.0,22.0,1.5
2011-04-24,0.0,0.0,6.0,22.0,0.0
2011-04-25,3.0,0.0,6.0,23.0,3.0
2011-04-26,0.0,0.0,6.0,23.0,0.0
2011-04-27,0.0,0.0,5.0,24.0,0.0
2011-04-28,0.0,0.0,6.0,23.0,0.0
2011-04-29,0.0,0.0,5.0,21.0,0.0
2011-04-30,0.0,0.0,5.0,24.0,0.0
2011-05-01,9.0,0.0,6.0,23.0,9.0
2011-05-02,1.0,6.549351692199707,6.0,22.0,-5.549351692199707
2011-05-03,0.0,6.549351692199707,5.0,20.0,-6.549351692199707
2011-05-04,0.0,0.0,3.0,21.0,0.0
2011-05-05,10.0,0.0,4.0,21.0,10.0
2011-05-06,0.0,9.151752471923828,7.0,23.0,-9.151752471923828
2011-05-07,9.5,0.0,6.0,23.0,9.5
2011-05-08,0.0,0.0,7.0,23.0,0.0
2011-05-09,9.0,0.0,7.0,24.0,9.0
2011-05-10,5.0,0.0,7.0,23.0,5.0
2011-05-11,3.0,0.0,8.0,22.0,3.0
2011-05-12,0.0,0.0,8.0,24.0,0.0
2011-05-13,0.0,0.0,7.0,25.0,0.0
2011-05-14,0.0,0.0,9.0,24.0,0.0
2011-05-15,11.5,11.451759338378906,9.0,22.0,0.04824066162109375
2011-05-16,2.0,10.975870132446287,8.0,22.0,-8.975870132446287
2011-05-17,0.0,5.4879350662231445,9.0,22.0,-5.4879350662231445
2011-05-18,3.0,5.4879350662231445,9.0,23.0,-2.4879350662231445
2011-05-19,0.0,5.4879350662231445,8.0,23.0,-5.4879350662231445
2011-05-20,7.5,0.0,7.0,23.0,7.5
2011-05-21,0.0,4.636136531829834,8.0,22.0,-4.636136531829834
2011-05-22,0.0,0.0,6.0,24.0,0.0
2011-05-23,0.0,0.0,8.0,23.0,0.0
2011-05-24,0.0,0.0,8.0,25.0,0.0
2011-05-25,0.0,0.0,9.0,25.0,0.0
2011-05-26,12.5,0.0,7.0,25.0,12.5
2011-05-27,0.0,6.811307430267334,4.0,25.0,-6.811307430267334
2011-05-28,0.0,0.0,6.0,25.0,0.0
2011-05-29,0.0,0.0,8.0,23.0,0.0
2011-05-30,1.0,10.216961860656738,9.0,22.0,-9.216961860656738
2011-05-31,0.0,0.0,9.0,22.0,0.0
2011-06-01,0.0,0.0,5.0,22.0,0.0
2011-06-02,0.0,0.0,4.0,23.0,0.0
2011-06-03,0.0,0.0,5.0,22.0,0.0
2011-06-04,0.0,0.0,5.0,23.0,0.0
2011-06-05,0.0,0.0,7.0,20.0,0.0
2011-06-06,1.0,0.0,7.0,22.0,1.0
2011-06-07,0.0,0.0,5.0,21.0,0.0
2011-06-08,0.0,0.0,6.0,21.0,0.0
2011-06-09,0.0,0.0,7.0,23.0,0.0
2011-06-10,15.5,0.0,7.0,21.0,15.5
2011-06-11,0.0,0.0,8.0,21.0,0.0
2011-06-12,11.5,0.0,6.0,21.0,11.5
2011-06-13,4.5,0.0,8.0,19.0,4.5
2011-06-14,1.0,0.0,8.0,20.0,1.0
2011-06-15,3.5,0.0,8.0,20.0,3.5
2011-06-16,9.0,0.0,8.0,22.0,9.0
2011-06-17,0.0,16.43767547607422,6.0,21.0,-16.43767547607422
2011-06-18,0.0,0.0,7.0,22.0,0.0
2011-06-19,5.0,0.0,7.0,22.0,5.0
2011-06-20,39.5,0.0,9.0,19.0,39.5
2011-06-21,3.5,32.178810119628906,9.0,16.0,-28.678810119628906
2011-06-22,0.0,10.726269721984863,9.0,19.0,-10.726269721984863
2011-06-23,6.5,0.0,10.0,20.0,6.5
2011-06-24,24.0,32.178810119628906,10.0,17.0,-8.178810119628906
2011-06-25,3.0,10.726269721984863,8.0,17.0,-7.726269721984863
2011-06-26,15.5,0.0,9.0,18.0,15.5
2011-06-27,3.5,0.0,9.0,19.0,3.5
2011-06-28,32.5,14.84589385986328,7.0,18.0,17.65410614013672
2011-06-29,12.0,29.69178771972656,9.0,17.0,-17.69178771972656
2011-06-30,106.0,44.53767776489258,10.0,16.0,61.46232223510742
2011-07-01,13.5,15.94935703277588,9.0,17.0,-2.4493570327758807
2011-07-02,4.0,15.94935703277588,9.0,18.0,-11.94935703277588
2011-07-03,0.0,0.0,9.0,18.0,0.0
2011-07-04,0.0,63.79742813110352,8.0,16.0,-63.79742813110352
2011-07-05,1.0,0.0,8.0,18.0,1.0
2011-07-06,14.5,0.0,8.0,19.0,14.5
2011-07-07,0.0,13.323129653930664,9.0,19.0,-13.323129653930664
2011-07-08,13.0,4.441043376922607,9.0,17.0,8.558956623077393
2011-07-09,12.5,4.441043376922607,8.0,16.0,8.058956623077393
2011-07-10,17.5,13.323129653930664,8.0,17.0,4.176870346069336
2011-07-11,2.0,18.46598625183105,9.0,16.0,-16.46598625183105
2011-07-12,26.5,9.232993125915527,8.0,18.0,17.267006874084473
2011-07-13,32.3,18.46598625183105,8.0,15.0,13.834013748168946
2011-07-14,40.0,0.0,9.0,15.0,40.0
2011-07-15,1.5,27.698978424072266,9.0,18.0,-26.198978424072266
2011-07-16,0.0,0.0,8.0,16.0,0.0
2011-07-17,0.0,10.068967819213867,9.0,18.0,-10.068967819213867
2011-07-18,0.0,0.0,11.0,20.0,0.0
2011-07-19,8.0,0.0,7.0,20.0,8.0
2011-07-20,0.0,0.0,6.0,21.0,0.0
2011-07-21,16.5,0.0,7.0,20.0,16.5
2011-07-22,14.5,5.878164291381836,7.0,20.0,8.621835708618164
2011-07-23,3.0,11.756328582763672,7.0,20.0,-8.756328582763672
2011-07-24,0.0,0.0,8.0,20.0,0.0
2011-07-25,3.2,0.0,6.0,21.0,3.2
2011-07-26,0.0,6.2098002433776855,8.0,17.0,-6.2098002433776855
2011-07-27,0.0,12.419600486755373,9.0,18.0,-12.419600486755373
2011-07-28,4.0,0.0,7.0,19.0,4.0
2011-07-29,5.0,18.62940216064453,8.0,17.0,-13.629402160644531
2011-07-30,0.0,12.419600486755373,8.0,18.0,-12.419600486755373
2011-07-31,0.0,0.0,6.0,19.0,0.0
2011-08-01,0.0,0.0,6.0,18.0,0.0
2011-08-02,0.0,0.0,7.0,18.0,0.0
2011-08-03,10.0,0.0,7.0,18.0,10.0
2011-08-04,9.0,10.64838981628418,8.0,20.0,-1.6483898162841797
2011-08-05,15.0,10.64838981628418,8.0,20.0,4.35161018371582
2011-08-06,28.0,15.178109169006348,8.0,18.0,12.821890830993652
2011-08-07,0.0,7.589054584503174,8.0,19.0,-7.589054584503174
2011-08-08,0.0,0.0,7.0,18.0,0.0
2011-08-09,29.0,0.0,7.0,19.0,29.0
2011-08-10,0.0,15.178109169006348,6.0,20.0,-15.178109169006348
2011-08-11,0.0,0.0,7.0,22.0,0.0
2011-08-12,3.0,10.773277282714844,7.0,19.0,-7.773277282714844
2011-08-13,2.5,0.0,7.0,19.0,2.5
2011-08-14,0.0,0.0,7.0,18.0,0.0
2011-08-15,0.0,0.0,7.0,19.0,0.0
2011-08-16,2.0,0.0,7.0,18.0,2.0
2011-08-17,0.0,0.0,7.0,21.0,0.0
2011-08-18,0.0,0.0,6.0,20.0,0.0
2011-08-19,0.0,0.0,7.0,21.0,0.0
2011-08-20,3.0,0.0,8.0,18.0,3.0
2011-08-21,12.0,6.42599630355835,7.0,19.0,5.57400369644165
2011-08-22,10.0,25.7039852142334,8.0,19.0,-15.703985214233398
2011-08-23,23.0,12.8519926071167,10.0,19.0,10.1480073928833
2011-08-24,15.5,12.8519926071167,10.0,17.0,2.648007392883301
2011-08-25,5.0,19.27798843383789,9.0,18.0,-14.27798843383789
2011-08-26,42.5,16.71910285949707,8.0,19.0,25.78089714050293
2011-08-27,27.0,16.71910285949707,9.0,17.0,10.28089714050293
2011-08-28,8.0,25.07865333557129,10.0,16.0,-17.07865333557129
2011-08-29,20.0,8.359551429748535,8.0,17.0,11.640448570251465
2011-08-30,54.5,16.71910285949707,8.0,20.0,37.78089714050293
2011-08-31,7.0,8.359551429748535,9.0,19.0,-1.3595514297485352
2011-09-01,13.5,14.666321754455566,8.0,19.0,-1.1663217544555664
2011-09-02,24.0,14.666321754455566,10.0,14.0,9.333678245544434
2011-09-03,19.5,0.0,9.0,13.0,19.5
2011-09-04,7.0,14.666321754455566,10.0,15.0,-7.666321754455566
2011-09-05,0.0,29.332643508911133,9.0,18.0,-29.332643508911133
2011-09-06,4.5,0.0,6.0,19.0,4.5
2011-09-07,0.0,0.0,6.0,19.0,0.0
2011-09-08,0.0,10.69155979156494,5.0,19.0,-10.69155979156494
2011-09-09,0.0,0.0,4.0,19.0,0.0
2011-09-10,0.0,0.0,1.0,19.0,0.0
2011-09-11,2.0,0.0,1.0,15.0,2.0
2011-09-12,0.0,0.0,5.0,18.0,0.0
2011-09-13,0.0,0.0,6.0,19.0,0.0
2011-09-14,0.0,0.0,6.0,19.0,0.0
2011-09-15,18.5,0.0,6.0,20.0,18.5
2011-09-16,55.5,16.55655860900879,8.0,17.0,38.94344139099121
2011-09-17,3.0,0.0,9.0,18.0,3.0
2011-09-18,0.0,0.0,6.0,20.0,0.0
2011-09-19,0.0,0.0,5.0,19.0,0.0
2011-09-20,0.0,0.0,6.0,19.0,0.0
2011-09-21,0.0,0.0,9.0,19.0,0.0
2011-09-22,0.0,0.0,7.0,19.0,0.0
2011-09-23,20.0,0.0,8.0,18.0,20.0
2011-09-24,0.0,0.0,9.0,19.0,0.0
2011-09-25,4.5,0.0,8.0,18.0,4.5
2011-09-26,0.0,0.0,8.0,19.0,0.0
2011-09-27,5.0,10.4877347946167,8.0,20.0,-5.487734794616699
2011-09-28,6.5,0.0,7.0,19.0,6.5
2011-09-29,30.0,0.0,7.0,17.0,30.0
2011-09-30,31.0,0.0,6.0,18.0,31.0
2011-10-01,1.0,11.696366310119627,6.0,17.0,-10.696366310119627
2011-10-02,3.0,0.0,6.0,17.0,3.0
2011-10-03,0.0,0.0,6.0,17.0,0.0
2011-10-04,0.0,0.0,5.0,19.0,0.0
2011-10-05,0.0,0.0,5.0,20.0,0.0
2011-10-06,0.0,0.0,7.0,18.0,0.0
2011-10-07,1.0,0.0,8.0,19.0,1.0
2011-10-08,23.5,7.517744064331055,6.0,17.0,15.982255935668945
2011-10-09,12.5,0.0,6.0,16.0,12.5
2011-10-10,62.5,7.517744064331055,8.0,17.0,54.982255935668945
2011-10-11,11.5,41.977012634277344,8.0,16.0,-30.477012634277344
2011-10-12,0.0,0.0,7.0,17.0,0.0
2011-10-13,3.0,0.0,7.0,16.0,3.0
2011-10-14,0.0,13.992337226867676,6.0,19.0,-13.992337226867676
2011-10-15,0.0,0.0,3.0,18.0,0.0
2011-10-16,0.0,0.0,4.0,18.0,0.0
2011-10-17,0.0,0.0,4.0,18.0,0.0
2011-10-18,0.0,0.0,5.0,20.0,0.0
2011-10-19,0.0,0.0,3.0,18.0,0.0
2011-10-20,0.0,0.0,3.0,19.0,0.0
2011-10-21,0.0,0.0,2.0,19.0,0.0
2011-10-22,0.0,0.0,1.0,20.0,0.0
2011-10-23,0.0,0.0,0.0,19.0,0.0
2011-10-24,0.0,0.0,1.0,18.0,0.0
2011-10-25,0.0,0.0,-1.0,17.0,0.0
2011-10-26,0.0,0.0,-1.0,18.0,0.0
2011-10-27,0.0,0.0,1.0,18.0,0.0
2011-10-28,0.0,0.0,0.0,20.0,0.0
2011-10-29,0.0,0.0,2.0,19.0,0.0
2011-10-30,0.0,0.0,2.0,19.0,0.0
2011-10-31,0.0,0.0,-1.0,19.0,0.0
2011-11-01,0.0,0.0,-1.0,18.0,0.0
2011-11-02,0.0,0.0,3.0,20.0,0.0
2011-11-03,1.0,0.0,4.0,21.0,1.0
2011-11-04,0.0,0.0,5.0,17.0,0.0
2011-11-05,0.0,3.1825408935546875,5.0,20.0,-3.1825408935546875
2011-11-06,0.0,0.0,5.0,21.0,0.0
2011-11-07,0.0,0.0,6.0,21.0,0.0
2011-11-08,0.0,0.0,5.0,21.0,0.0
2011-11-09,52.0,0.0,6.0,20.0,52.0
2011-11-10,0.0,7.387740612030029,8.0,18.0,-7.387740612030029
2011-11-11,0.0,0.0,6.0,16.0,0.0
2011-11-12,0.0,0.0,7.0,17.0,0.0
2011-11-13,0.0,0.0,3.0,18.0,0.0
2011-11-14,0.0,0.0,6.0,18.0,0.0
2011-11-15,0.0,0.0,3.0,18.0,0.0
2011-11-16,0.0,0.0,3.0,19.0,0.0
2011-11-17,0.0,0.0,3.0,19.0,0.0
2011-11-18,0.0,0.0,3.0,17.0,0.0
2011-11-19,0.0,0.0,4.0,18.0,0.0
2011-11-20,0.0,0.0,2.0,20.0,0.0
2011-11-21,0.0,0.0,3.0,20.0,0.0
2011-11-22,0.0,0.0,3.0,21.0,0.0
2011-11-23,7.5,0.0,3.0,20.0,7.5
2011-11-24,0.0,0.0,3.0,18.0,0.0
2011-11-25,0.0,0.0,2.0,18.0,0.0
2011-11-26,2.5,0.0,3.0,15.0,2.5
2011-11-27,0.0,0.0,5.0,15.0,0.0
2011-11-28,0.0,0.0,3.0,15.0,0.0
2011-11-29,0.0,0.0,-1.0,17.0,0.0
2011-11-30,0.0,0.0,-3.0,18.0,0.0
2011-12-01,0.0,0.0,-3.0,18.0,0.0
2011-12-02,0.0,0.0,-3.0,19.0,0.0
2011-12-03,0.0,0.0,-2.0,19.0,0.0
2011-12-04,0.0,0.0,0.0,20.0,0.0
2011-12-05,0.0,0.0,0.0,20.0,0.0
2011-12-06,0.0,0.0,1.0,18.0,0.0
2011-12-07,0.0,0.0,1.0,17.0,0.0
2011-12-08,0.0,0.0,1.0,17.0,0.0
2011-12-09,0.0,0.0,1.0,18.0,0.0
2011-12-10,0.0,0.0,1.0,17.0,0.0
2011-12-11,0.0,0.0,0.0,18.0,0.0
2011-12-12,0.0,0.0,0.0,17.0,0.0
2011-12-13,0.0,0.0,-1.0,20.0,0.0
2011-12-14,0.0,0.0,1.0,20.0,0.0
2011-12-15,0.0,0.0,-1.0,19.0,0.0
2011-12-16,0.0,0.0,1.0,20.0,0.0
2011-12-17,0.0,0.0,1.0,19.0,0.0
2011-12-18,0.0,0.0,1.0,18.0,0.0
2011-12-19,0.0,0.0,-2.0,17.0,0.0
2011-12-20,0.0,0.0,0.0,18.0,0.0
2011-12-21,0.0,0.0,1.0,19.0,0.0
2011-12-22,0.0,0.0,2.0,19.0,0.0
2011-12-23,0.0,0.0,1.0,20.0,0.0
2011-12-24,0.0,0.0,1.0,19.0,0.0
2011-12-25,0.0,0.0,1.0,19.0,0.0
2011-12-26,0.0,0.0,2.0,19.0,0.0
2011-12-27,0.0,0.0,2.0,20.0,0.0
2011-12-28,0.0,0.0,2.0,18.0,0.0
2011-12-29,0.0,0.0,2.0,19.0,0.0
2011-12-30,1.0,0.0,3.0,19.0,1.0
2011-12-31,0.0,0.0,3.0,17.0,0.0
2012-01-01,0.0,0.0,2.0,18.0,0.0
2012-01-02,0.0,0.0,2.0,17.0,0.0
2012-01-03,0.0,0.0,-1.0,15.0,0.0
2012-01-04,0.0,0.0,-1.0,15.0,0.0
2012-01-05,0.0,0.0,-1.0,17.0,0.0
2012-01-06,0.0,0.0,0.0,15.0,0.0
2012-01-07,0.0,0.0,0.0,17.0,0.0
2012-01-08,0.0,0.0,0.0,17.0,0.0
2012-01-09,0.0,0.0,1.0,17.0,0.0
2012-01-10,0.0,0.0,2.0,18.0,0.0
2012-01-11,0.0,0.0,2.0,19.0,0.0
2012-01-12,0.0,0.0,0.0,19.0,0.0
2012-01-13,0.0,0.0,0.0,18.0,0.0
2012-01-14,0.0,0.0,2.0,18.0,0.0
2012-01-15,3.0,0.0,4.0,17.0,3.0
2012-01-16,0.0,0.0,1.0,18.0,0.0
2012-01-17,0.0,0.0,3.0,20.0,0.0
2012-01-18,0.0,0.0,4.0,21.0,0.0
2012-01-19,0.0,0.0,1.0,18.0,0.0
2012-01-20,0.0,0.0,2.0,19.0,0.0
2012-01-21,0.0,0.0,2.0,19.0,0.0
2012-01-22,0.0,0.0,3.0,19.0,0.0
2012-01-23,0.0,0.0,3.0,20.0,0.0
2012-01-24,0.0,0.0,3.0,18.0,0.0
2012-01-25,0.0,0.0,2.0,17.0,0.0
2012-01-26,0.0,0.0,1.0,17.0,0.0
2012-01-27,0.0,0.0,0.0,18.0,0.0
2012-01-28,0.0,0.0,0.0,18.0,0.0
2012-01-29,0.3,0.0,1.0,17.0,0.3
2012-01-30,0.0,0.0,4.0,16.0,0.0
2012-01-31,0.0,0.0,3.0,18.0,0.0
2012-02-01,0.0,0.0,4.0,19.0,0.0
2012-02-02,0.0,1.1731942892074585,3.0,20.0,-1.1731942892074585
2012-02-03,0.0,0.0,2.0,21.0,0.0
2012-02-04,0.0,0.0,2.0,20.0,0.0
2012-02-05,1.5,0.0,2.0,18.0,1.5
2012-02-06,3.0,1.98675274848938,3.0,17.0,1.01324725151062
2012-02-07,0.0,0.99337637424469,3.0,13.0,-0.99337637424469
2012-02-08,0.0,2.9801290035247803,3.0,14.0,-2.9801290035247803
2012-02-09,7.5,0.0,4.0,15.0,7.5
2012-02-10,4.5,0.0,5.0,13.0,4.5
2012-02-11,1.0,0.0,5.0,15.0,1.0
2012-02-12,0.0,0.0,7.0,13.0,0.0
2012-02-13,0.0,0.0,7.0,17.0,0.0
2012-02-14,2.5,2.0394721031188965,7.0,17.0,0.4605278968811035
2012-02-15,0.0,0.0,5.0,17.0,0.0
2012-02-16,0.0,1.3974740505218506,5.0,18.0,-1.3974740505218506
2012-02-17,0.0,0.0,3.0,20.0,0.0
2012-02-18,0.0,0.0,4.0,20.0,0.0
2012-02-19,0.0,0.0,3.0,20.0,0.0
2012-02-20,0.0,0.0,4.0,20.0,0.0
2012-02-21,0.0,0.0,4.0,21.0,0.0
2012-02-22,0.0,0.0,4.0,21.0,0.0
2012-02-23,0.0,0.0,4.0,21.0,0.0
2012-02-24,0.0,0.0,5.0,19.0,0.0
2012-02-25,0.0,2.5423524379730225,6.0,18.0,-2.5423524379730225
2012-02-26,0.0,0.0,4.0,20.0,0.0
2012-02-27,1.0,0.0,4.0,23.0,1.0
2012-02-28,0.0,0.0,1.0,22.0,0.0
2012-02-29,0.0,0.0,1.0,23.0,0.0
2012-03-01,0.0,0.0,2.0,23.0,0.0
2012-03-02,0.0,0.0,4.0,24.0,0.0
2012-03-03,0.0,0.0,4.0,22.0,0.0
2012-03-04,0.0,0.0,4.0,19.0,0.0
2012-03-05,0.0,0.0,2.0,21.0,0.0
2012-03-06,0.0,0.0,3.0,22.0,0.0
2012-03-07,0.0,0.0,5.0,23.0,0.0
2012-03-08,0.0,0.0,3.0,24.0,0.0
2012-03-09,0.0,0.0,4.0,24.0,0.0
2012-03-10,0.0,1.5676443576812744,5.0,21.0,-1.5676443576812744
2012-03-11,0.0,0.0,5.0,22.0,0.0
2012-03-12,1.5,1.6465240716934204,5.0,23.0,-0.1465240716934204
2012-03-13,0.0,0.8232620358467102,3.0,23.0,-0.8232620358467102
2012-03-14,0.0,0.8232620358467102,2.0,23.0,-0.8232620358467102
2012-03-15,0.0,0.0,4.0,22.0,0.0
2012-03-16,0.0,0.6174764037132263,3.0,21.0,-0.6174764037132263
2012-03-17,0.0,0.6174764037132263,3.0,21.0,-0.6174764037132263
2012-03-18,0.0,0.6174764037132263,4.0,21.0,-0.6174764037132263
2012-03-19,0.0,0.6174764037132263,5.0,22.0,-0.6174764037132263
2012-03-20,0.0,0.0,2.0,21.0,0.0
2012-03-21,0.0,0.0,0.0,21.0,0.0
2012-03-22,0.0,0.0,1.0,21.0,0.0
2012-03-23,0.0,0.0,1.0,23.0,0.0
2012-03-24,0.0,0.0,3.0,24.0,0.0
2012-03-25,0.0,0.0,2.0,21.0,0.0
2012-03-26,3.5,0.0,3.0,20.0,3.5
2012-03-27,4.0,0.8466874361038208,5.0,19.0,3.153312563896179
2012-03-28,0.0,0.0,4.0,19.0,0.0
2012-03-29,0.0,1.6933748722076416,5.0,21.0,-1.6933748722076416
2012-03-30,0.0,0.0,4.0,22.0,0.0
2012-03-31,0.0,0.0,5.0,23.0,0.0
2012-04-01,0.0,0.0,6.0,20.0,0.0
2012-04-02,0.0,0.0,5.0,21.0,0.0
2012-04-03,0.0,0.0,2.0,23.0,0.0
2012-04-04,0.0,0.0,1.0,24.0,0.0
2012-04-05,0.0,2.183445692062378,2.0,24.0,-2.183445692062378
2012-04-06,0.0,0.0,5.0,25.0,0.0
2012-04-07,0.0,0.0,4.0,25.0,0.0
2012-04-08,0.0,0.0,4.0,22.0,0.0
2012-04-09,0.0,0.0,4.0,23.0,0.0
2012-04-10,3.5,0.0,4.0,21.0,3.5
2012-04-11,5.5,7.083552360534668,5.0,21.0,-1.583552360534668
2012-04-12,0.0,0.0,8.0,23.0,0.0
2012-04-13,28.0,0.0,7.0,23.0,28.0
2012-04-14,0.0,0.0,4.0,21.0,0.0
2012-04-15,0.0,0.0,4.0,22.0,0.0
2012-04-16,0.0,0.0,3.0,23.0,0.0
2012-04-17,0.0,0.0,3.0,23.0,0.0
2012-04-18,0.0,0.0,3.0,22.0,0.0
2012-04-19,0.0,0.0,4.0,24.0,0.0
2012-04-20,0.0,0.0,4.0,23.0,0.0
2012-04-21,0.0,0.0,4.0,23.0,0.0
2012-04-22,0.0,0.0,5.0,23.0,0.0
2012-04-23,0.0,0.0,2.0,23.0,0.0
2012-04-24,0.0,0.0,-1.0,21.0,0.0
2012-04-25,0.0,0.0,0.0,20.0,0.0
2012-04-26,0.0,0.0,-2.0,23.0,0.0
2012-04-27,0.0,0.0,0.0,24.0,0.0
2012-04-28,0.0,0.0,3.0,24.0,0.0
2012-04-29,0.0,3.790410280227661,5.0,24.0,-3.790410280227661
2012-04-30,1.0,0.0,6.0,24.0,1.0
2012-05-01,0.0,6.6788716316223145,6.0,25.0,-6.6788716316223145
2012-05-02,0.0,0.0,7.0,25.0,0.0
2012-05-03,0.0,0.0,6.0,26.0,0.0
2012-05-04,0.0,0.0,7.0,26.0,0.0
2012-05-05,0.0,0.0,9.0,25.0,0.0
2012-05-06,0.0,0.0,8.0,25.0,0.0
2012-05-07,0.0,0.0,8.0,24.0,0.0
2012-05-08,8.5,0.0,8.0,23.0,8.5
2012-05-09,1.0,4.94482421875,9.0,21.0,-3.94482421875
2012-05-10,16.0,4.94482421875,10.0,20.0,11.05517578125
2012-05-11,1.0,0.0,7.0,22.0,1.0
2012-05-12,2.5,0.0,8.0,22.0,2.5
2012-05-13,0.0,0.0,9.0,18.0,0.0
2012-05-14,5.0,0.0,7.0,21.0,5.0
2012-05-15,3.0,0.0,8.0,22.0,3.0
2012-05-16,1.5,0.0,8.0,21.0,1.5
2012-05-17,0.0,21.35117530822754,8.0,19.0,-21.35117530822754
2012-05-18,0.0,0.0,7.0,20.0,0.0
2012-05-19,0.0,0.0,5.0,23.0,0.0
2012-05-20,0.0,0.0,4.0,24.0,0.0
2012-05-21,1.0,0.0,4.0,21.0,1.0
2012-05-22,0.0,0.0,4.0,23.0,0.0
2012-05-23,0.0,0.0,5.0,21.0,0.0
2012-05-24,0.0,0.0,7.0,23.0,0.0
2012-05-25,0.0,0.0,7.0,23.0,0.0
2012-05-26,5.0,20.38785552978516,6.0,24.0,-15.38785552978516
2012-05-27,11.0,0.0,7.0,21.0,11.0
2012-05-28,0.0,0.0,6.0,23.0,0.0
2012-05-29,5.0,0.0,7.0,24.0,5.0
2012-05-30,0.0,0.0,5.0,25.0,0.0
2012-05-31,0.0,0.0,5.0,24.0,0.0
2012-06-01,0.0,0.0,7.0,23.0,0.0
2012-06-02,10.0,33.636226654052734,9.0,24.0,-23.636226654052734
2012-06-03,5.0,11.212075233459473,7.0,21.0,-6.212075233459473
2012-06-04,0.0,0.0,7.0,20.0,0.0
2012-06-05,9.5,0.0,7.0,23.0,9.5
2012-06-06,0.0,0.0,7.0,22.0,0.0
2012-06-07,2.5,0.0,9.0,23.0,2.5
2012-06-08,0.0,0.0,9.0,23.0,0.0
2012-06-09,4.5,0.0,9.0,23.0,4.5
2012-06-10,0.0,0.0,8.0,23.0,0.0
2012-06-11,1.0,0.0,5.0,24.0,1.0
2012-06-12,8.0,0.0,8.0,24.0,8.0
2012-06-13,0.0,5.504383563995361,4.0,26.0,-5.504383563995361
2012-06-14,0.0,0.0,5.0,23.0,0.0
2012-06-15,5.5,0.0,6.0,21.0,5.5
2012-06-16,24.5,20.94443893432617,7.0,18.0,3.5555610656738317
2012-06-17,3.5,5.236109733581543,9.0,15.0,-1.736109733581543
2012-06-18,1.5,0.0,9.0,16.0,1.5
2012-06-19,12.5,10.472219467163086,9.0,19.0,2.027780532836914
2012-06-20,0.0,10.472219467163086,9.0,16.0,-10.472219467163086
2012-06-21,0.0,0.0,9.0,17.0,0.0
2012-06-22,38.0,0.0,7.0,18.0,38.0
2012-06-23,33.5,15.604435920715332,9.0,18.0,17.895564079284668
2012-06-24,45.5,23.406652450561523,10.0,15.0,22.093347549438477
2012-06-25,80.0,7.802217960357666,8.0,17.0,72.19778203964233
2012-06-26,9.5,16.21788215637207,7.0,16.0,-6.71788215637207
2012-06-27,30.0,0.0,8.0,17.0,30.0
2012-06-28,2.0,32.43576431274414,10.0,18.0,-30.43576431274414
2012-06-29,41.0,32.43576431274414,8.0,18.0,8.56423568725586
2012-06-30,4.5,16.21788215637207,8.0,17.0,-11.71788215637207
2012-07-01,12.5,4.3280863761901855,8.0,16.0,8.171913623809814
2012-07-02,2.5,4.3280863761901855,7.0,19.0,-1.8280863761901855
2012-07-03,0.0,4.3280863761901855,6.0,20.0,-4.3280863761901855
2012-07-04,28.5,0.0,7.0,18.0,28.5
2012-07-05,0.0,8.656172752380371,5.0,19.0,-8.656172752380371
2012-07-06,10.5,0.0,6.0,19.0,10.5
2012-07-07,0.0,5.452818393707275,5.0,19.0,-5.452818393707275
2012-07-08,0.0,0.0,6.0,20.0,0.0
2012-07-09,14.0,0.0,7.0,18.0,14.0
2012-07-10,10.5,5.452818393707275,8.0,16.0,5.047181606292725
2012-07-11,38.5,25.362436294555664,6.0,18.0,13.137563705444336
2012-07-12,30.0,38.04365158081055,8.0,17.0,-8.043651580810547
2012-07-13,1.0,0.0,8.0,19.0,1.0
2012-07-14,27.5,25.362436294555664,8.0,16.0,2.137563705444336
2012-07-15,31.0,25.362436294555664,7.0,18.0,5.637563705444336
2012-07-16,19.5,19.20009422302246,6.0,16.0,0.29990577697753906
2012-07-17,3.0,9.60004711151123,9.0,16.0,-6.6000471115112305
2012-07-18,0.0,9.60004711151123,8.0,17.0,-9.60004711151123
2012-07-19,1.5,9.60004711151123,6.0,19.0,-8.10004711151123
2012-07-20,3.5,9.60004711151123,7.0,17.0,-6.1000471115112305
2012-07-21,4.5,12.224068641662598,5.0,20.0,-7.724068641662598
2012-07-22,7.5,0.0,6.0,18.0,7.5
2012-07-23,0.0,12.224068641662598,7.0,18.0,-12.224068641662598
2012-07-24,6.0,0.0,6.0,20.0,6.0
2012-07-25,49.0,12.224068641662598,7.0,18.0,36.7759313583374
2012-07-26,0.0,5.289226055145264,8.0,18.0,-5.289226055145264
2012-07-27,0.0,10.578452110290527,5.0,19.0,-10.578452110290527
2012-07-28,22.0,5.289226055145264,6.0,19.0,16.710773944854736
2012-07-29,0.0,5.289226055145264,4.0,19.0,-5.289226055145264
2012-07-30,0.0,0.0,3.0,20.0,0.0
2012-07-31,0.0,0.0,3.0,21.0,0.0
2012-08-01,0.0,0.0,6.0,19.0,0.0
2012-08-02,0.0,5.85238790512085,9.0,19.0,-5.85238790512085
2012-08-03,0.0,11.7047758102417,9.0,18.0,-11.7047758102417
2012-08-04,8.5,0.0,7.0,20.0,8.5
2012-08-05,4.5,0.0,8.0,20.0,4.5
2012-08-06,0.0,8.66883373260498,8.0,20.0,-8.66883373260498
2012-08-07,4.0,0.0,6.0,20.0,4.0
2012-08-08,0.0,0.0,7.0,21.0,0.0
2012-08-09,3.5,13.003250122070312,7.0,17.0,-9.503250122070312
2012-08-10,7.3,21.67208480834961,7.0,17.0,-14.372084808349609
2012-08-11,0.0,0.0,10.0,19.0,0.0
2012-08-12,0.0,0.0,10.0,17.0,0.0
2012-08-13,8.0,3.999033689498901,10.0,19.0,4.000966310501099
2012-08-14,0.0,11.99710178375244,9.0,20.0,-11.99710178375244
2012-08-15,0.0,0.0,9.0,21.0,0.0
2012-08-16,1.5,0.0,5.0,21.0,1.5
2012-08-17,15.0,37.60281753540039,6.0,16.0,-22.60281753540039
2012-08-18,6.0,0.0,7.0,15.0,6.0
2012-08-19,2.5,0.0,9.0,18.0,2.5
2012-08-20,5.0,0.0,8.0,18.0,5.0
2012-08-21,10.5,13.41517162322998,9.0,14.0,-2.9151716232299805
2012-08-22,13.5,0.0,9.0,15.0,13.5
2012-08-23,42.5,0.0,9.0,16.0,42.5
2012-08-24,4.0,26.83034324645996,9.0,17.0,-22.83034324645996
2012-08-25,9.0,26.83034324645996,8.0,18.0,-17.83034324645996
2012-08-26,4.0,6.334494590759277,7.0,18.0,-2.3344945907592773
2012-08-27,0.0,19.00348472595215,8.0,19.0,-19.00348472595215
2012-08-28,13.0,0.0,8.0,18.0,13.0
2012-08-29,17.3,6.334494590759277,8.0,18.0,10.965505409240723
2012-08-30,2.5,0.0,7.0,17.0,2.5
2012-08-31,15.5,6.334494590759277,7.0,19.0,9.165505409240723
2012-09-01,2.5,0.0,7.0,17.0,2.5
2012-09-02,0.0,0.0,8.0,20.0,0.0
2012-09-03,0.0,0.0,6.0,21.0,0.0
2012-09-04,3.5,0.0,6.0,18.0,3.5
2012-09-05,24.0,0.0,6.0,,24.0
2012-09-06,5.5,8.172861099243164,7.0,,-2.672861099243164
2012-09-07,4.5,8.172861099243164,7.0,,-3.672861099243164
2012-09-08,0.0,8.172861099243164,8.0,,-8.172861099243164
2012-09-09,0.0,8.172861099243164,7.0,,-8.172861099243164
2012-09-10,25.5,0.0,7.0,,25.5
2012-09-11,48.7,14.998485565185549,7.0,,33.701514434814456
2012-09-12,0.0,0.0,7.0,17.0,0.0
2012-09-13,0.0,0.0,5.0,20.0,0.0
2012-09-14,5.5,0.0,5.0,19.0,5.5
2012-09-15,1.7,14.998485565185549,6.0,19.0,-13.29848556518555
2012-09-16,35.0,9.672581672668455,7.0,18.0,25.327418327331543
2012-09-17,0.0,9.672581672668455,7.0,18.0,-9.672581672668455
2012-09-18,1.8,19.34516334533692,7.0,18.0,-17.54516334533692
2012-09-19,0.0,0.0,7.0,20.0,0.0
2012-09-20,0.0,0.0,6.0,19.0,0.0
2012-09-21,0.0,6.775558948516846,6.0,17.0,-6.775558948516846
2012-09-22,0.0,0.0,6.0,17.0,0.0
2012-09-23,0.0,0.0,6.0,18.0,0.0
2012-09-24,5.0,3.475322723388672,7.0,19.0,1.5246772766113281
2012-09-25,45.5,0.0,7.0,19.0,45.5
2012-09-26,17.5,15.710436820983888,7.0,18.0,1.7895631790161115
2012-09-27,10.5,0.0,8.0,17.0,10.5
2012-09-28,0.0,15.710436820983888,9.0,16.0,-15.710436820983888
2012-09-29,0.5,7.855218410491943,6.0,18.0,-7.355218410491943
2012-09-30,5.0,23.56565284729004,7.0,18.0,-18.56565284729004
2012-10-01,19.5,14.19892120361328,6.0,17.0,5.3010787963867205
2012-10-02,0.0,7.099460601806641,6.0,15.0,-7.099460601806641
2012-10-03,0.0,0.0,4.0,18.0,0.0
2012-10-04,0.0,0.0,4.0,20.0,0.0
2012-10-05,0.0,0.0,2.0,19.0,0.0
2012-10-06,5.0,0.0,3.0,19.0,5.0
2012-10-07,0.0,0.0,5.0,21.0,0.0
2012-10-08,7.0,6.054141998291016,6.0,19.0,0.9458580017089844
2012-10-09,10.0,12.108283996582031,5.0,19.0,-2.1082839965820312
2012-10-10,0.0,6.054141998291016,6.0,18.0,-6.054141998291016
2012-10-11,0.0,0.0,6.0,19.0,0.0
2012-10-12,0.0,0.0,5.0,19.0,0.0
2012-10-13,0.0,0.0,5.0,18.0,0.0
2012-10-14,0.0,0.0,5.0,20.0,0.0
2012-10-15,0.0,0.0,4.0,19.0,0.0
2012-10-16,0.0,0.0,3.0,19.0,0.0
2012-10-17,0.0,0.0,3.0,17.0,0.0
2012-10-18,0.0,0.0,5.0,18.0,0.0
2012-10-19,2.0,9.980463027954102,5.0,20.0,-7.980463027954102
2012-10-20,0.0,0.0,6.0,19.0,0.0
2012-10-21,0.0,0.0,5.0,21.0,0.0
2012-10-22,0.0,0.0,4.0,21.0,0.0
2012-10-23,0.0,0.0,5.0,19.0,0.0
2012-10-24,0.0,0.0,6.0,20.0,0.0
2012-10-25,0.0,0.0,4.0,20.0,0.0
2012-10-26,0.0,0.0,3.0,21.0,0.0
2012-10-27,0.0,0.0,2.0,20.0,0.0
2012-10-28,0.0,0.0,3.0,19.0,0.0
2012-10-29,19.0,0.0,5.0,17.0,19.0
2012-10-30,0.0,8.550300598144531,6.0,16.0,-8.550300598144531
2012-10-31,6.5,0.0,3.0,19.0,6.5
2012-11-01,0.0,0.0,5.0,18.0,0.0
2012-11-02,0.0,0.0,5.0,19.0,0.0
2012-11-03,0.0,0.0,5.0,15.0,0.0
2012-11-04,0.0,0.0,7.0,17.0,0.0
2012-11-05,2.5,12.486552238464355,7.0,15.0,-9.986552238464355
2012-11-06,0.0,0.0,7.0,16.0,0.0
2012-11-07,0.0,0.0,3.0,18.0,0.0
2012-11-08,0.0,0.0,2.0,18.0,0.0
2012-11-09,0.0,0.0,1.0,18.0,0.0
2012-11-10,0.0,0.0,0.0,19.0,0.0
2012-11-11,0.0,0.0,1.0,19.0,0.0
2012-11-12,0.0,0.0,4.0,21.0,0.0
2012-11-13,0.0,0.0,4.0,20.0,0.0
2012-11-14,0.0,0.0,4.0,19.0,0.0
2012-11-15,0.0,0.0,2.0,18.0,0.0
2012-11-16,0.0,0.0,3.0,19.0,0.0
2012-11-17,0.0,0.0,4.0,20.0,0.0
2012-11-18,0.0,0.0,3.0,19.0,0.0
2012-11-19,0.0,0.0,1.0,19.0,0.0
2012-11-20,0.0,0.0,0.0,18.0,0.0
2012-11-21,0.0,0.0,0.0,18.0,0.0
2012-11-22,0.0,0.0,2.0,19.0,0.0
2012-11-23,0.0,0.0,2.0,19.0,0.0
2012-11-24,0.0,0.0,1.0,18.0,0.0
2012-11-25,0.0,0.0,0.0,17.0,0.0
2012-11-26,0.0,0.0,1.0,19.0,0.0
2012-11-27,0.0,0.0,1.0,21.0,0.0
2012-11-28,0.0,0.0,1.0,20.0,0.0
2012-11-29,0.0,0.0,2.0,20.0,0.0
2012-11-30,0.0,0.0,3.0,19.0,0.0
2012-12-01,0.0,0.0,3.0,18.0,0.0
2012-12-02,0.0,0.0,2.0,19.0,0.0
2012-12-03,0.0,0.0,1.0,18.0,0.0
2012-12-04,0.0,0.0,1.0,19.0,0.0
2012-12-05,0.0,0.0,1.0,19.0,0.0
2012-12-06,0.0,0.0,-1.0,18.0,0.0
2012-12-07,0.0,0.0,0.0,18.0,0.0
2012-12-08,0.0,0.0,-1.0,18.0,0.0
2012-12-09,0.0,0.0,0.0,19.0,0.0
2012-12-10,0.0,0.0,1.0,20.0,0.0
2012-12-11,0.0,0.0,3.0,18.0,0.0
2012-12-12,0.0,0.0,3.0,19.0,0.0
2012-12-13,0.0,0.0,2.0,19.0,0.0
2012-12-14,0.0,0.0,3.0,20.0,0.0
2012-12-15,0.0,0.0,3.0,20.0,0.0
2012-12-16,0.0,0.0,2.0,22.0,0.0
2012-12-17,0.0,0.0,1.0,21.0,0.0
2012-12-18,0.0,0.0,2.0,19.0,0.0
2012-12-19,0.0,0.0,2.0,19.0,0.0
2012-12-20,0.0,0.0,2.0,21.0,0.0
2012-12-21,0.0,0.0,2.0,17.0,0.0
2012-12-22,0.0,0.0,0.0,17.0,0.0
2012-12-23,0.0,0.0,0.0,18.0,0.0
2012-12-24,0.0,0.0,0.0,20.0,0.0
2012-12-25,0.0,0.0,0.0,17.0,0.0
2012-12-26,0.0,0.0,3.0,18.0,0.0
2012-12-27,0.0,0.0,1.0,17.0,0.0
2012-12-28,0.0,0.0,0.0,19.0,0.0
2012-12-29,0.0,0.0,0.0,20.0,0.0
2012-12-30,0.0,0.0,2.0,19.0,0.0
2012-12-31,0.0,0.0,3.0,19.0,0.0
2013-01-01,2.0,0.0,2.0,17.0,2.0
2013-01-02,0.0,0.0,3.0,14.0,0.0
2013-01-03,0.0,0.0,3.0,16.0,0.0
2013-01-04,0.0,0.0,3.0,18.0,0.0
2013-01-05,0.0,0.0,2.0,19.0,0.0
2013-01-06,0.0,0.0,2.0,20.0,0.0
2013-01-07,0.0,0.0,2.0,20.0,0.0
2013-01-08,0.0,0.0,2.0,18.0,0.0
2013-01-09,0.0,0.0,4.0,18.0,0.0
2013-01-10,0.0,0.0,2.0,21.0,0.0
2013-01-11,0.0,0.0,2.0,21.0,0.0
2013-01-12,0.0,0.0,2.0,19.0,0.0
2013-01-13,0.0,0.0,2.0,20.0,0.0
2013-01-14,0.0,0.0,2.0,20.0,0.0
2013-01-15,0.0,0.0,3.0,19.0,0.0
2013-01-16,0.0,0.0,2.0,19.0,0.0
2013-01-17,0.0,0.0,3.0,16.0,0.0
2013-01-18,0.0,0.0,0.0,15.0,0.0
2013-01-19,0.0,0.0,-1.0,17.0,0.0
2013-01-20,0.0,0.0,1.0,18.0,0.0
2013-01-21,0.5,4.430103302001953,3.0,14.0,-3.930103302001953
2013-01-22,0.0,0.0,4.0,16.0,0.0
2013-01-23,0.0,0.0,4.0,16.0,0.0
2013-01-24,0.0,0.0,2.0,18.0,0.0
2013-01-25,0.0,0.0,0.0,19.0,0.0
2013-01-26,0.0,0.0,-1.0,20.0,0.0
2013-01-27,0.0,0.0,0.0,19.0,0.0
2013-01-28,0.0,0.0,1.0,19.0,0.0
2013-01-29,0.0,0.0,2.0,20.0,0.0
2013-01-30,0.0,0.0,0.0,21.0,0.0
2013-01-31,0.0,0.0,1.0,20.0,0.0
2013-02-01,0.0,0.0,2.0,21.0,0.0
2013-02-02,0.0,0.0,1.0,21.0,0.0
2013-02-03,0.0,0.0,1.0,20.0,0.0
2013-02-04,0.0,0.0,1.0,20.0,0.0
2013-02-05,0.0,0.0,1.0,22.0,0.0
2013-02-06,0.0,0.0,2.0,22.0,0.0
2013-02-07,0.0,0.0,3.0,23.0,0.0
2013-02-08,0.0,0.0,4.0,23.0,0.0
2013-02-09,0.0,0.0,5.0,23.0,0.0
2013-02-10,0.0,0.0,3.0,21.0,0.0
2013-02-11,0.0,0.0,1.0,23.0,0.0
2013-02-12,0.0,0.0,0.0,23.0,0.0
2013-02-13,0.0,0.0,0.0,23.0,0.0
2013-02-14,0.0,0.0,0.0,21.0,0.0
2013-02-15,0.0,0.0,0.0,20.0,0.0
2013-02-16,0.0,0.0,1.0,19.0,0.0
2013-02-17,0.0,0.0,0.0,19.0,0.0
2013-02-18,0.0,0.0,1.0,22.0,0.0
2013-02-19,0.0,0.0,3.0,23.0,0.0
2013-02-20,0.0,0.0,1.0,23.0,0.0
2013-02-21,0.0,0.0,2.0,21.0,0.0
2013-02-22,0.0,0.0,1.0,22.0,0.0
2013-02-23,0.0,0.0,2.0,23.0,0.0
2013-02-24,0.0,0.0,1.0,21.0,0.0
2013-02-25,0.0,0.0,2.0,22.0,0.0
2013-02-26,0.0,0.0,3.0,24.0,0.0
2013-02-27,0.0,0.0,3.0,24.0,0.0
2013-02-28,0.0,0.0,4.0,24.0,0.0
2013-03-01,0.0,0.0,2.0,21.0,0.0
2013-03-02,0.0,0.0,0.0,17.0,0.0
2013-03-03,0.0,0.0,-6.0,17.0,0.0
2013-03-04,0.0,0.0,-4.0,20.0,0.0
2013-03-05,0.0,0.0,-2.0,22.0,0.0
2013-03-06,0.0,0.0,-1.0,22.0,0.0
2013-03-07,0.0,0.0,-1.0,20.0,0.0
2013-03-08,0.0,0.0,2.0,23.0,0.0
2013-03-09,0.0,0.0,2.0,23.0,0.0
2013-03-10,0.0,0.0,4.0,21.0,0.0
2013-03-11,0.0,0.0,6.0,23.0,0.0
2013-03-12,0.0,0.0,3.0,23.0,0.0
2013-03-13,0.0,0.0,4.0,21.0,0.0
2013-03-14,0.3,0.0,5.0,17.0,0.3
2013-03-15,2.8,5.002516269683838,5.0,12.0,-2.202516269683838
2013-03-16,4.4,0.0,5.0,10.0,4.4
2013-03-17,0.0,0.0,1.0,15.0,0.0
2013-03-18,0.0,0.0,1.0,19.0,0.0
2013-03-19,0.0,0.0,2.0,23.0,0.0
2013-03-20,0.0,2.911137342453003,4.0,24.0,-2.911137342453003
2013-03-21,0.0,0.0,4.0,23.0,0.0
2013-03-22,0.0,0.0,5.0,25.0,0.0
2013-03-23,0.0,0.0,6.0,25.0,0.0
2013-03-24,0.0,0.0,3.0,24.0,0.0
2013-03-25,0.0,0.0,2.0,23.0,0.0
2013-03-26,0.0,0.0,2.0,22.0,0.0
2013-03-27,0.0,0.0,2.0,22.0,0.0
2013-03-28,0.0,0.0,5.0,23.0,0.0
2013-03-29,0.0,0.0,5.0,24.0,0.0
2013-03-30,0.0,0.0,5.0,25.0,0.0
2013-03-31,0.0,0.0,6.0,25.0,0.0
2013-04-01,0.0,0.0,5.0,26.0,0.0
2013-04-02,0.0,0.0,8.0,25.0,0.0
2013-04-03,0.0,0.0,7.0,25.0,0.0
2013-04-04,0.0,0.0,4.0,26.0,0.0
2013-04-05,0.0,0.0,6.0,23.0,0.0
2013-04-06,0.0,0.0,5.0,24.0,0.0
2013-04-07,0.0,0.0,7.0,25.0,0.0
2013-04-08,0.0,0.0,6.0,26.0,0.0
2013-04-09,0.0,2.120289325714112,4.0,24.0,-2.120289325714112
2013-04-10,0.0,2.120289325714112,3.0,25.0,-2.120289325714112
2013-04-11,0.0,0.0,2.0,26.0,0.0
2013-04-12,0.0,0.0,2.0,25.0,0.0
2013-04-13,0.0,0.0,4.0,24.0,0.0
2013-04-14,0.0,0.0,5.0,23.0,0.0
2013-04-15,0.0,0.0,5.0,26.0,0.0
2013-04-16,0.0,0.0,4.0,27.0,0.0
2013-04-17,0.0,0.0,5.0,27.0,0.0
2013-04-18,0.0,0.0,5.0,27.0,0.0
2013-04-19,0.0,0.0,7.0,27.0,0.0
2013-04-20,0.0,0.0,7.0,24.0,0.0
2013-04-21,0.0,0.0,5.0,25.0,0.0
2013-04-22,0.0,0.0,5.0,26.0,0.0
2013-04-23,0.0,0.0,6.0,26.0,0.0
2013-04-24,1.5,0.0,8.0,24.0,1.5
2013-04-25,25.0,0.0,8.0,21.0,25.0
2013-04-26,0.0,3.609108209609986,5.0,21.0,-3.609108209609986
2013-04-27,0.0,1.804554104804993,6.0,23.0,-1.804554104804993
2013-04-28,0.0,0.0,7.0,23.0,0.0
2013-04-29,0.0,0.0,5.0,23.0,0.0
2013-04-30,0.0,0.0,5.0,23.0,0.0
2013-05-01,0.0,0.0,3.0,25.0,0.0
2013-05-02,0.0,0.0,4.0,26.0,0.0
2013-05-03,1.0,0.0,5.0,23.0,1.0
2013-05-04,0.0,0.0,5.0,22.0,0.0
2013-05-05,0.0,0.0,3.0,23.0,0.0
2013-05-06,0.0,0.0,4.0,22.0,0.0
2013-05-07,0.0,0.0,4.0,23.0,0.0
2013-05-08,0.0,0.0,5.0,25.0,0.0
2013-05-09,0.0,0.0,5.0,24.0,0.0
2013-05-10,0.0,0.0,5.0,24.0,0.0
2013-05-11,0.0,0.0,5.0,25.0,0.0
2013-05-12,0.0,0.0,7.0,24.0,0.0
2013-05-13,0.0,0.0,11.0,23.0,0.0
2013-05-14,0.0,0.0,10.0,22.0,0.0
2013-05-15,0.0,0.0,6.0,25.0,0.0
2013-05-16,0.0,0.0,6.0,25.0,0.0
2013-05-17,0.3,0.0,7.0,26.0,0.3
2013-05-18,0.0,7.997642993927002,8.0,26.0,-7.997642993927002
2013-05-19,9.4,0.0,7.0,25.0,9.4
2013-05-20,2.0,7.997642993927002,8.0,23.0,-5.997642993927002
2013-05-21,22.3,3.854642391204834,9.0,24.0,18.445357608795167
2013-05-22,1.5,4.405305862426758,8.0,23.0,-2.905305862426758
2013-05-23,1.5,7.709284782409668,8.0,23.0,-6.209284782409668
2013-05-24,0.0,3.854642391204834,7.0,21.0,-3.854642391204834
2013-05-25,2.5,0.0,8.0,22.0,2.5
2013-05-26,17.0,5.117191791534424,10.0,20.0,11.882808208465576
2013-05-27,0.0,9.065773010253906,7.0,18.0,-9.065773010253906
2013-05-28,3.5,0.0,7.0,21.0,3.5
2013-05-29,42.0,10.234383583068848,8.0,19.0,31.765616416931152
2013-05-30,0.0,10.234383583068848,9.0,19.0,-10.234383583068848
2013-05-31,6.0,0.0,6.0,22.0,6.0
2013-06-01,0.5,5.789914608001709,8.0,20.0,-5.289914608001709
2013-06-02,47.0,11.579829216003418,9.0,20.0,35.42017078399658
2013-06-03,14.5,23.15965843200684,9.0,18.0,-8.65965843200684
2013-06-04,5.5,17.36974334716797,7.0,18.0,-11.869743347167969
2013-06-05,0.0,5.789914608001709,5.0,21.0,-5.789914608001709
2013-06-06,0.0,0.0,6.0,22.0,0.0
2013-06-07,0.0,0.0,6.0,23.0,0.0
2013-06-08,0.0,0.0,8.0,21.0,0.0
2013-06-09,0.0,8.511022567749023,10.0,18.0,-8.511022567749023
2013-06-10,17.0,0.0,7.0,20.0,17.0
2013-06-11,37.0,11.556943893432615,8.0,19.0,25.443056106567383
2013-06-12,16.5,11.556943893432615,8.0,20.0,4.943056106567385
2013-06-13,0.0,11.556943893432615,7.0,20.0,-11.556943893432615
2013-06-14,0.0,0.0,7.0,21.0,0.0
2013-06-15,5.0,0.0,7.0,21.0,5.0
2013-06-16,0.0,0.0,7.0,21.0,0.0
2013-06-17,0.0,0.0,8.0,23.0,0.0
2013-06-18,0.0,0.0,7.0,23.0,0.0
2013-06-19,5.5,0.0,7.0,21.0,5.5
2013-06-20,30.5,19.8709659576416,8.0,16.0,10.629034042358398
2013-06-21,6.5,0.0,9.0,17.0,6.5
2013-06-22,0.0,0.0,9.0,17.0,0.0
2013-06-23,0.0,6.579781532287598,10.0,20.0,-6.579781532287598
2013-06-24,0.0,6.579781532287598,10.0,21.0,-6.579781532287598
2013-06-25,0.0,6.579781532287598,10.0,20.0,-6.579781532287598
2013-06-26,3.0,6.213342666625977,8.0,21.0,-3.2133426666259766
2013-06-27,12.0,0.0,8.0,20.0,12.0
2013-06-28,0.3,12.426685333251951,5.0,19.0,-12.12668533325195
2013-06-29,38.5,0.0,6.0,18.0,38.5
2013-06-30,1.0,12.426685333251951,6.0,19.0,-11.426685333251951
2013-07-01,29.0,0.0,5.0,20.0,29.0
2013-07-02,7.5,0.0,5.0,19.0,7.5
2013-07-03,0.0,0.0,6.0,19.0,0.0
2013-07-04,4.0,0.0,7.0,20.0,4.0
2013-07-05,2.5,26.492809295654297,9.0,18.0,-23.992809295654297
2013-07-06,22.5,0.0,9.0,17.0,22.5
2013-07-07,1.5,16.668813705444336,9.0,19.0,-15.168813705444336
2013-07-08,3.5,16.668813705444336,9.0,18.0,-13.168813705444336
2013-07-09,26.5,0.0,5.0,20.0,26.5
2013-07-10,1.0,0.0,6.0,18.0,1.0
2013-07-11,5.0,0.0,8.0,19.0,5.0
2013-07-12,4.0,14.946742057800291,8.0,17.0,-10.946742057800291
2013-07-13,31.0,14.946742057800291,8.0,14.0,16.053257942199707
2013-07-14,5.3,7.473371028900146,8.0,16.0,-2.1733710289001458
2013-07-15,1.5,14.946742057800291,8.0,16.0,-13.446742057800291
2013-07-16,33.7,8.076176643371582,8.0,15.0,25.62382335662842
2013-07-17,15.3,4.038088321685791,7.0,16.0,11.26191167831421
2013-07-18,89.5,12.114266395568848,8.0,17.0,77.38573360443115
2013-07-19,4.0,8.076176643371582,8.0,17.0,-4.076176643371582
2013-07-20,15.5,8.076176643371582,7.0,18.0,7.423823356628418
2013-07-21,0.5,8.168872833251953,7.0,20.0,-7.668872833251953
2013-07-22,0.0,8.168872833251953,7.0,18.0,-8.168872833251953
2013-07-23,0.0,0.0,6.0,20.0,0.0
2013-07-24,2.0,0.0,5.0,21.0,2.0
2013-07-25,0.0,16.337745666503906,7.0,21.0,-16.337745666503906
2013-07-26,1.7,12.131891250610352,7.0,22.0,-10.431891250610352
2013-07-27,0.0,0.0,6.0,18.0,0.0
2013-07-28,0.0,0.0,8.0,18.0,0.0
2013-07-29,0.0,12.131891250610352,4.0,21.0,-12.131891250610352
2013-07-30,0.0,0.0,5.0,22.0,0.0
2013-07-31,9.0,0.0,5.0,20.0,9.0
2013-08-01,22.7,11.21272087097168,8.0,19.0,11.48727912902832
2013-08-02,3.5,0.0,7.0,18.0,3.5
2013-08-03,0.4,33.638160705566406,8.0,20.0,-33.23816070556641
2013-08-04,0.0,0.0,7.0,19.0,0.0
2013-08-05,0.0,0.0,5.0,21.0,0.0
2013-08-06,0.0,0.0,5.0,20.0,0.0
2013-08-07,0.0,0.0,6.0,17.0,0.0
2013-08-08,2.0,0.0,7.0,20.0,2.0
2013-08-09,0.0,6.141383171081543,8.0,18.0,-6.141383171081543
2013-08-10,7.0,12.282766342163086,7.0,19.0,-5.282766342163086
2013-08-11,8.5,9.490283966064451,7.0,18.0,-0.9902839660644513
2013-08-12,19.0,9.490283966064451,6.0,19.0,9.509716033935549
2013-08-13,7.5,9.490283966064451,6.0,18.0,-1.9902839660644513
2013-08-14,0.0,0.0,4.0,18.0,0.0
2013-08-15,0.0,0.0,5.0,20.0,0.0
2013-08-16,0.0,0.0,6.0,20.0,0.0
2013-08-17,10.5,0.0,6.0,21.0,10.5
2013-08-18,18.5,4.141143798828125,6.0,20.0,14.358856201171875
2013-08-19,18.5,6.29740047454834,7.0,18.0,12.20259952545166
2013-08-20,13.5,11.939720153808594,7.0,17.0,1.5602798461914062
2013-08-21,0.0,10.35201358795166,9.0,18.0,-10.35201358795166
2013-08-22,13.5,9.089335441589355,6.0,20.0,4.4106645584106445
2013-08-23,12.3,0.0,7.0,18.0,12.3
2013-08-24,0.6,17.493011474609375,8.0,18.0,-16.893011474609374
2013-08-25,5.5,17.493011474609375,7.0,17.0,-11.993011474609375
2013-08-26,13.0,10.900726318359377,8.0,19.0,2.0992736816406232
2013-08-27,14.5,10.900726318359377,9.0,19.0,3.5992736816406232
2013-08-28,0.0,21.80145263671875,8.0,18.0,-21.80145263671875
2013-08-29,2.5,0.0,7.0,19.0,2.5
2013-08-30,0.0,10.900726318359377,7.0,18.0,-10.900726318359377
2013-08-31,1.0,0.0,8.0,18.0,1.0
2013-09-01,6.5,15.896516799926758,8.0,18.0,-9.396516799926758
2013-09-02,10.3,15.896516799926758,8.0,17.0,-5.596516799926757
2013-09-03,16.7,23.844776153564453,7.0,14.0,-7.144776153564454
2013-09-04,33.0,0.0,7.0,16.0,33.0
2013-09-05,43.7,15.896516799926758,6.0,16.0,27.803483200073245
2013-09-06,10.8,13.198238372802734,7.0,15.0,-2.3982383728027337
2013-09-07,9.5,13.198238372802734,9.0,16.0,-3.6982383728027344
2013-09-08,0.0,0.0,9.0,17.0,0.0
2013-09-09,0.0,6.599119186401367,9.0,19.0,-6.599119186401367
2013-09-10,2.5,13.198238372802734,7.0,18.0,-10.698238372802734
2013-09-11,1.6,15.592360496520996,7.0,17.0,-13.992360496520996
2013-09-12,0.0,5.197453498840332,7.0,19.0,-5.197453498840332
2013-09-13,2.4,5.197453498840332,8.0,16.0,-2.797453498840332
2013-09-14,12.4,5.197453498840332,10.0,16.0,7.202546501159668
2013-09-15,37.4,20.789813995361328,9.0,12.0,16.61018600463867
2013-09-16,16.2,8.857272148132324,10.0,13.0,7.342727851867675
2013-09-17,0.0,8.857272148132324,7.0,15.0,-8.857272148132324
2013-09-18,5.5,0.0,7.0,17.0,5.5
2013-09-19,7.8,8.857272148132324,8.0,18.0,-1.0572721481323244
2013-09-20,12.5,17.71454429626465,8.0,17.0,-5.214544296264648
2013-09-21,9.2,0.0,10.0,14.0,9.2
2013-09-22,6.9,24.971996307373047,10.0,16.0,-18.07199630737305
2013-09-23,0.0,6.242999076843262,9.0,16.0,-6.242999076843262
2013-09-24,0.8,6.242999076843262,8.0,19.0,-5.442999076843262
2013-09-25,20.0,6.242999076843262,8.0,18.0,13.757000923156738
2013-09-26,9.5,0.0,9.0,16.0,9.5
2013-09-27,0.0,0.0,6.0,20.0,0.0
2013-09-28,2.5,0.0,6.0,21.0,2.5
2013-09-29,1.5,0.0,7.0,20.0,1.5
2013-09-30,0.0,0.0,7.0,21.0,0.0
2013-10-01,0.0,0.0,5.0,20.0,0.0
2013-10-02,0.0,0.0,6.0,18.0,0.0
2013-10-03,0.0,0.0,8.0,19.0,0.0
2013-10-04,0.0,0.0,7.0,18.0,0.0
2013-10-05,0.0,0.0,6.0,21.0,0.0
2013-10-06,0.0,3.0102665424346924,6.0,20.0,-3.0102665424346924
2013-10-07,0.9,9.030799865722656,7.0,18.0,-8.130799865722656
2013-10-08,0.0,6.020533084869385,6.0,17.0,-6.020533084869385
2013-10-09,1.4,3.0102665424346924,6.0,19.0,-1.6102665424346925
2013-10-10,86.5,0.0,6.0,20.0,86.5
2013-10-11,1.0,6.201786041259766,7.0,20.0,-5.201786041259766
2013-10-12,0.0,0.0,7.0,19.0,0.0
2013-10-13,0.0,0.0,6.0,22.0,0.0
2013-10-14,0.0,0.0,6.0,22.0,0.0
2013-10-15,0.0,6.201786041259766,6.0,18.0,-6.201786041259766
2013-10-16,0.0,0.0,5.0,20.0,0.0
2013-10-17,0.0,0.0,5.0,22.0,0.0
2013-10-18,0.0,0.0,6.0,22.0,0.0
2013-10-19,8.5,0.0,10.0,22.0,8.5
2013-10-20,36.0,15.678750991821287,11.0,21.0,20.32124900817871
2013-10-21,0.3,22.5837631225586,11.0,19.0,-22.2837631225586
2013-10-22,5.7,0.0,11.0,18.0,5.7
2013-10-23,0.0,5.645940780639648,10.0,18.0,-5.645940780639648
2013-10-24,0.0,0.0,10.0,19.0,0.0
2013-10-25,0.0,0.0,7.0,21.0,0.0
2013-10-26,8.0,0.0,7.0,21.0,8.0
2013-10-27,10.0,0.0,7.0,21.0,10.0
2013-10-28,0.0,0.0,10.0,22.0,0.0
2013-10-29,1.0,0.0,10.0,22.0,1.0
2013-10-30,3.0,0.0,12.0,22.0,3.0
2013-10-31,0.0,18.171449661254883,13.0,20.0,-18.171449661254883
2013-11-01,0.0,0.0,10.0,22.0,0.0
2013-11-02,20.5,6.1576128005981445,11.0,21.0,14.342387199401855
2013-11-03,0.0,0.0,9.0,21.0,0.0
2013-11-04,0.5,0.0,9.0,21.0,0.5
2013-11-05,0.0,0.0,9.0,18.0,0.0
2013-11-06,0.0,0.0,9.0,18.0,0.0
2013-11-07,2.0,0.0,7.0,22.0,2.0
2013-11-08,0.0,0.0,7.0,20.0,0.0
2013-11-09,0.0,0.0,8.0,21.0,0.0
2013-11-10,12.5,0.0,9.0,21.0,12.5
2013-11-11,0.0,0.0,8.0,20.0,0.0
2013-11-12,0.0,0.0,11.0,19.0,0.0
2013-11-13,0.0,0.0,10.0,18.0,0.0
2013-11-14,0.0,6.003796100616455,6.0,18.0,-6.003796100616455
2013-11-15,0.0,0.0,8.0,22.0,0.0
2013-11-16,0.0,0.0,9.0,22.0,0.0
2013-11-17,0.0,0.0,8.0,23.0,0.0
2013-11-18,0.0,0.0,8.0,22.0,0.0
2013-11-19,16.0,0.0,11.0,20.0,16.0
2013-11-20,0.0,18.68587303161621,9.0,17.0,-18.68587303161621
2013-11-21,0.0,0.0,8.0,19.0,0.0
2013-11-22,0.0,0.0,8.0,22.0,0.0
2013-11-23,0.0,0.0,9.0,22.0,0.0
2013-11-24,0.0,0.0,8.0,19.0,0.0
2013-11-25,0.0,0.0,8.0,21.0,0.0
2013-11-26,7.0,0.0,8.0,20.0,7.0
2013-11-27,0.0,0.0,10.0,19.0,0.0
2013-11-28,0.0,0.0,7.0,19.0,0.0
2013-11-29,0.0,0.0,6.0,19.0,0.0
2013-11-30,0.0,0.0,3.0,21.0,0.0
2013-12-01,0.0,0.0,4.0,21.0,0.0
2013-12-02,0.0,0.0,4.0,21.0,0.0
2013-12-03,0.0,0.0,6.0,21.0,0.0
2013-12-04,0.0,0.0,8.0,21.0,0.0
2013-12-05,0.0,0.0,7.0,22.0,0.0
2013-12-06,0.0,0.0,6.0,,0.0
2013-12-07,0.0,0.0,7.0,,0.0
2013-12-08,0.0,0.0,6.0,,0.0
2013-12-09,0.0,0.0,8.0,,0.0
2013-12-10,0.0,0.0,8.0,,0.0
2013-12-11,0.0,0.0,6.0,,0.0
2013-12-12,0.0,0.0,6.0,,0.0
2013-12-13,0.0,0.0,7.0,,0.0
2013-12-14,0.0,0.0,7.0,23.0,0.0
2013-12-15,0.0,0.0,8.0,21.0,0.0
2013-12-16,0.0,0.0,7.0,21.0,0.0
2013-12-17,0.0,0.0,7.0,22.0,0.0
2013-12-18,0.0,0.0,6.0,21.0,0.0
2013-12-19,0.0,0.0,6.0,21.0,0.0
2013-12-20,0.0,0.0,7.0,22.0,0.0
2013-12-21,0.0,0.0,7.0,22.0,0.0
2013-12-22,0.0,0.0,8.0,22.0,0.0
2013-12-23,0.0,0.0,9.0,21.0,0.0
2013-12-24,0.3,0.0,5.0,18.0,0.3
2013-12-25,0.0,0.0,7.0,19.0,0.0
2013-12-26,13.8,0.0,8.0,20.0,13.8
2013-12-27,0.0,0.0,9.0,20.0,0.0
2013-12-28,0.0,0.0,8.0,17.0,0.0
2013-12-29,0.0,0.0,7.0,17.0,0.0
2013-12-30,0.0,0.0,6.0,19.0,0.0
2013-12-31,0.0,0.0,7.0,21.0,0.0
2014-01-01,0.0,0.0,6.0,20.0,0.0
2014-01-02,0.0,0.0,6.0,19.0,0.0
2014-01-03,0.0,0.0,5.0,18.0,0.0
2014-01-04,0.0,0.0,3.0,20.0,0.0
2014-01-05,0.0,0.0,3.0,19.0,0.0
2014-01-06,0.0,0.0,4.0,18.0,0.0
2014-01-07,0.0,0.0,4.0,17.0,0.0
2014-01-08,0.0,0.0,4.0,19.0,0.0
2014-01-09,0.0,0.0,3.0,22.0,0.0
2014-01-10,0.0,0.0,4.0,21.0,0.0
2014-01-11,0.0,0.0,6.0,22.0,0.0
2014-01-12,0.0,0.0,6.0,22.0,0.0
2014-01-13,0.0,0.0,6.0,21.0,0.0
2014-01-14,0.0,0.0,5.0,18.0,0.0
2014-01-15,0.0,0.0,4.0,15.0,0.0
2014-01-16,0.0,0.0,1.0,17.0,0.0
2014-01-17,0.0,0.0,2.0,18.0,0.0
2014-01-18,0.0,0.0,2.0,18.0,0.0
2014-01-19,0.0,0.0,3.0,21.0,0.0
2014-01-20,0.0,0.0,3.0,19.0,0.0
2014-01-21,0.5,0.0,4.0,22.0,0.5
2014-01-22,0.0,0.0,2.0,19.0,0.0
2014-01-23,0.0,0.0,2.0,21.0,0.0
2014-01-24,0.0,0.0,4.0,21.0,0.0
2014-01-25,0.0,0.0,5.0,22.0,0.0
2014-01-26,0.0,0.0,5.0,21.0,0.0
2014-01-27,0.0,0.0,5.0,22.0,0.0
2014-01-28,0.0,0.0,7.0,22.0,0.0
2014-01-29,0.0,0.0,7.0,19.0,0.0
2014-01-30,0.0,0.0,5.0,22.0,0.0
2014-01-31,0.0,0.0,6.0,22.0,0.0
2014-02-01,0.0,0.0,6.0,,0.0
2014-02-02,0.0,0.0,6.0,,0.0
2014-02-03,0.0,0.0,7.0,,0.0
2014-02-04,0.0,0.0,6.0,,0.0
2014-02-05,0.0,0.0,6.0,,0.0
2014-02-06,0.0,0.0,6.0,,0.0
2014-02-07,0.0,0.0,7.0,,0.0
2014-02-08,0.5,0.0,7.0,23.0,0.5
2014-02-09,0.0,0.0,7.0,24.0,0.0
2014-02-10,0.0,0.0,5.0,24.0,0.0
2014-02-11,0.0,0.0,5.0,22.0,0.0
2014-02-12,0.0,0.0,6.0,22.0,0.0
2014-02-13,0.0,0.0,7.0,24.0,0.0
2014-02-14,0.5,0.0,7.0,22.0,0.5
2014-02-15,0.0,0.0,5.0,24.0,0.0
2014-02-16,0.0,0.0,4.0,24.0,0.0
2014-02-17,0.0,0.0,3.0,24.0,0.0
2014-02-18,0.0,0.0,4.0,24.0,0.0
2014-02-19,0.0,0.0,5.0,23.0,0.0
2014-02-20,0.0,0.0,5.0,23.0,0.0
2014-02-21,0.0,0.0,6.0,25.0,0.0
2014-02-22,0.0,0.0,7.0,23.0,0.0
2014-02-23,0.0,0.0,8.0,22.0,0.0
2014-02-24,0.0,0.0,7.0,23.0,0.0
2014-02-25,0.0,0.0,8.0,23.0,0.0
2014-02-26,0.0,0.0,9.0,22.0,0.0
2014-02-27,0.0,0.0,8.0,24.0,0.0
2014-02-28,0.0,0.0,7.0,23.0,0.0
2014-03-01,0.0,0.0,7.0,25.0,0.0
2014-03-02,0.0,0.0,7.0,25.0,0.0
2014-03-03,0.0,0.0,8.0,24.0,0.0
2014-03-04,0.0,0.0,8.0,22.0,0.0
2014-03-05,0.0,0.0,7.0,23.0,0.0
2014-03-06,0.0,0.0,7.0,22.0,0.0
2014-03-07,0.0,0.0,7.0,22.0,0.0
2014-03-08,0.0,0.0,7.0,24.0,0.0
2014-03-09,1.0,0.0,7.0,23.0,1.0
2014-03-10,0.0,0.0,8.0,22.0,0.0
2014-03-11,0.0,0.0,11.0,23.0,0.0
2014-03-12,0.0,0.0,7.0,25.0,0.0
2014-03-13,0.0,0.0,8.0,24.0,0.0
2014-03-14,0.0,0.0,8.0,25.0,0.0
2014-03-15,0.0,0.0,8.0,25.0,0.0
2014-03-16,0.0,2.7055580615997314,9.0,25.0,-2.7055580615997314
2014-03-17,0.0,0.0,7.0,23.0,0.0
2014-03-18,0.0,0.0,7.0,24.0,0.0
2014-03-19,0.0,0.0,7.0,26.0,0.0
2014-03-20,0.0,0.0,11.0,25.0,0.0
2014-03-21,0.0,0.0,11.0,26.0,0.0
2014-03-22,0.0,0.0,10.0,27.0,0.0
2014-03-23,0.0,0.0,10.0,29.0,0.0
2014-03-24,0.0,0.0,12.0,28.0,0.0
2014-03-25,1.5,0.0,11.0,26.0,1.5
2014-03-26,0.0,0.0,12.0,23.0,0.0
2014-03-27,0.0,0.0,9.0,25.0,0.0
2014-03-28,0.0,0.0,8.0,25.0,0.0
2014-03-29,0.0,0.0,11.0,27.0,0.0
2014-03-30,4.0,2.364337205886841,11.0,24.0,1.6356627941131592
2014-03-31,0.0,0.0,9.0,25.0,0.0
2014-04-01,0.0,0.0,11.0,26.0,0.0
2014-04-02,0.0,0.0,11.0,27.0,0.0
2014-04-03,0.0,0.0,10.0,25.0,0.0
2014-04-04,0.0,0.0,11.0,26.0,0.0
2014-04-05,0.0,0.0,13.0,24.0,0.0
2014-04-06,0.0,0.0,10.0,26.0,0.0
2014-04-07,0.0,0.0,10.0,25.0,0.0
2014-04-08,0.0,0.0,8.0,25.0,0.0
2014-04-09,0.0,0.0,8.0,24.0,0.0
2014-04-10,0.0,0.0,7.0,25.0,0.0
2014-04-11,0.0,0.0,7.0,26.0,0.0
2014-04-12,0.0,0.0,8.0,26.0,0.0
2014-04-13,0.0,0.0,8.0,27.0,0.0
2014-04-14,18.0,0.0,10.0,26.0,18.0
2014-04-15,10.5,2.770101308822632,11.0,22.0,7.729898691177368
2014-04-16,0.0,2.780328750610352,9.0,22.0,-2.780328750610352
2014-04-17,0.0,2.780328750610352,9.0,25.0,-2.780328750610352
2014-04-18,11.0,0.0,10.0,25.0,11.0
2014-04-19,6.5,5.560657501220703,9.0,24.0,0.9393424987792969
2014-04-20,0.0,2.780328750610352,9.0,24.0,-2.780328750610352
2014-04-21,2.5,5.45173454284668,10.0,26.0,-2.9517345428466797
2014-04-22,7.3,0.0,10.0,24.0,7.3
2014-04-23,0.0,0.0,9.0,25.0,0.0
2014-04-24,0.0,0.0,9.0,25.0,0.0
2014-04-25,0.0,0.0,10.0,25.0,0.0
2014-04-26,0.0,0.0,11.0,25.0,0.0
2014-04-27,0.0,0.0,11.0,25.0,0.0
2014-04-28,0.0,0.0,11.0,26.0,0.0
2014-04-29,0.0,0.0,11.0,26.0,0.0
2014-04-30,0.0,0.0,12.0,26.0,0.0
2014-05-01,0.0,0.0,13.0,25.0,0.0
2014-05-02,0.0,0.0,10.0,25.0,0.0
2014-05-03,0.0,0.0,12.0,24.0,0.0
2014-05-04,0.0,0.0,10.0,25.0,0.0
2014-05-05,0.0,0.0,11.0,26.0,0.0
2014-05-06,0.0,0.0,13.0,26.0,0.0
2014-05-07,0.4,2.387655973434448,13.0,24.0,-1.9876559734344479
2014-05-08,6.0,9.550623893737791,14.0,21.0,-3.550623893737791
2014-05-09,0.0,2.387655973434448,9.0,22.0,-2.387655973434448
2014-05-10,2.5,0.0,9.0,25.0,2.5
2014-05-11,24.0,0.0,11.0,25.0,24.0
2014-05-12,0.0,6.411007404327393,11.0,25.0,-6.411007404327393
2014-05-13,0.5,6.411007404327393,12.0,25.0,-5.911007404327393
2014-05-14,0.0,6.411007404327393,11.0,24.0,-6.411007404327393
2014-05-15,0.0,0.0,10.0,22.0,0.0
2014-05-16,0.0,0.0,9.0,23.0,0.0
2014-05-17,0.0,0.0,8.0,25.0,0.0
2014-05-18,0.0,3.6408705711364746,9.0,25.0,-3.6408705711364746
2014-05-19,0.0,0.0,10.0,25.0,0.0
2014-05-20,0.1,0.0,10.0,25.0,0.1
2014-05-21,3.0,0.0,10.0,23.0,3.0
2014-05-22,2.7,2.238584280014038,12.0,22.0,0.4614157199859621
2014-05-23,0.3,6.715752124786377,14.0,21.0,-6.415752124786377
2014-05-24,13.5,4.477168560028076,15.0,22.0,9.022831439971924
2014-05-25,18.5,11.19292163848877,14.0,19.0,7.3070783615112305
2014-05-26,13.5,0.0,11.0,22.0,13.5
2014-05-27,29.6,20.35429000854492,12.0,21.0,9.245709991455083
2014-05-28,6.4,30.531435012817383,13.0,22.0,-24.131435012817384
2014-05-29,0.0,20.35429000854492,13.0,20.0,-20.35429000854492
2014-05-30,15.0,0.0,11.0,21.0,15.0
2014-05-31,2.5,20.35429000854492,12.0,23.0,-17.85429000854492
2014-06-01,0.0,0.0,10.0,22.0,0.0
2014-06-02,0.0,0.0,10.0,22.0,0.0
2014-06-03,5.0,0.0,10.0,24.0,5.0
2014-06-04,42.0,0.0,11.0,21.0,42.0
2014-06-05,72.0,0.0,13.0,19.0,72.0
2014-06-06,4.0,11.415852546691896,14.0,19.0,-7.415852546691896
2014-06-07,12.4,22.83170509338379,14.0,18.0,-10.431705093383789
2014-06-08,17.7,11.415852546691896,14.0,18.0,6.284147453308103
2014-06-09,20.0,11.415852546691896,14.0,21.0,8.584147453308104
2014-06-10,29.8,22.83170509338379,15.0,20.0,6.968294906616212
2014-06-11,16.6,22.6359920501709,14.0,20.0,-6.035992050170897
2014-06-12,7.5,0.0,13.0,21.0,7.5
2014-06-13,0.0,7.54533052444458,11.0,21.0,-7.54533052444458
2014-06-14,0.0,0.0,12.0,22.0,0.0
2014-06-15,0.4,0.0,14.0,21.0,0.4
2014-06-16,0.0,0.0,12.0,22.0,0.0
2014-06-17,21.0,0.0,13.0,23.0,21.0
2014-06-18,0.0,7.4552903175354,13.0,22.0,-7.4552903175354
2014-06-19,3.5,0.0,12.0,22.0,3.5
2014-06-20,4.8,14.9105806350708,13.0,20.0,-10.1105806350708
2014-06-21,20.0,0.0,14.0,21.0,20.0
2014-06-22,16.3,8.71570110321045,12.0,19.0,7.5842988967895515
2014-06-23,4.5,26.14710235595703,13.0,18.0,-21.64710235595703
2014-06-24,53.0,34.8628044128418,13.0,18.0,18.137195587158203
2014-06-25,18.4,8.71570110321045,13.0,18.0,9.68429889678955
2014-06-26,21.0,0.0,14.0,19.0,21.0
2014-06-27,11.5,30.474483489990234,13.0,19.0,-18.974483489990234
2014-06-28,0.0,0.0,12.0,21.0,0.0
2014-06-29,56.0,0.0,12.0,22.0,56.0
2014-06-30,6.5,60.94896697998047,13.0,19.0,-54.44896697998047
2014-07-01,10.0,42.249122619628906,13.0,17.0,-32.249122619628906
2014-07-02,31.0,0.0,13.0,17.0,31.0
2014-07-03,2.5,0.0,12.0,18.0,2.5
2014-07-04,34.0,0.0,13.0,18.0,34.0
2014-07-05,4.7,0.0,12.0,17.0,4.7
2014-07-06,6.4,15.373453140258787,13.0,18.0,-8.973453140258787
2014-07-07,0.0,0.0,12.0,19.0,0.0
2014-07-08,18.7,7.686726570129394,10.0,20.0,11.013273429870605
2014-07-09,0.6,7.686726570129394,11.0,20.0,-7.086726570129394
2014-07-10,0.8,15.373453140258787,11.0,21.0,-14.573453140258787
2014-07-11,0.0,8.355892181396484,10.0,22.0,-8.355892181396484
2014-07-12,0.0,0.0,8.0,22.0,0.0
2014-07-13,0.0,0.0,10.0,22.0,0.0
2014-07-14,0.0,0.0,11.0,21.0,0.0
2014-07-15,9.0,0.0,12.0,22.0,9.0
2014-07-16,2.5,16.22288703918457,13.0,19.0,-13.72288703918457
2014-07-17,0.0,0.0,13.0,22.0,0.0
2014-07-18,27.5,16.22288703918457,13.0,21.0,11.27711296081543
2014-07-19,15.5,8.111443519592285,11.0,19.0,7.388556480407715
2014-07-20,0.0,0.0,9.0,23.0,0.0
2014-07-21,0.0,0.0,9.0,23.0,0.0
2014-07-22,0.0,0.0,10.0,22.0,0.0
2014-07-23,12.0,0.0,10.0,22.0,12.0
2014-07-24,0.0,0.0,10.0,21.0,0.0
2014-07-25,0.0,6.079556465148926,11.0,22.0,-6.079556465148926
2014-07-26,0.0,0.0,10.0,20.0,0.0
2014-07-27,0.0,0.0,11.0,24.0,0.0
2014-07-28,6.4,0.0,11.0,24.0,6.4
2014-07-29,0.0,0.0,9.0,24.0,0.0
2014-07-30,0.0,0.0,10.0,23.0,0.0
2014-07-31,0.0,0.0,10.0,24.0,0.0
2014-08-01,0.0,0.0,10.0,24.0,0.0
2014-08-02,11.8,0.0,12.0,22.0,11.8
2014-08-03,0.0,0.0,10.0,21.0,0.0
2014-08-04,4.5,0.0,10.0,20.0,4.5
2014-08-05,9.5,0.0,12.0,20.0,9.5
2014-08-06,1.7,8.947626113891602,13.0,22.0,-7.247626113891601
2014-08-07,7.5,0.0,13.0,22.0,7.5
2014-08-08,0.0,8.947626113891602,13.0,22.0,-8.947626113891602
2014-08-09,1.5,4.473813056945801,11.0,21.0,-2.973813056945801
2014-08-10,3.3,4.473813056945801,13.0,21.0,-1.173813056945801
2014-08-11,4.8,0.0,11.0,21.0,4.8
2014-08-12,14.3,5.112235069274902,11.0,21.0,9.187764930725098
2014-08-13,10.5,15.336705207824709,12.0,20.0,-4.836705207824709
2014-08-14,0.0,10.224470138549805,11.0,22.0,-10.224470138549805
2014-08-15,0.0,0.0,10.0,22.0,0.0
2014-08-16,0.0,12.585454940795898,11.0,22.0,-12.585454940795898
2014-08-17,0.0,0.0,11.0,22.0,0.0
2014-08-18,7.9,0.0,13.0,19.0,7.9
2014-08-19,0.0,3.1463637351989746,9.0,22.0,-3.1463637351989746
2014-08-20,5.5,3.1463637351989746,10.0,21.0,2.3536362648010254
2014-08-21,0.0,8.142813682556152,10.0,21.0,-8.142813682556152
2014-08-22,0.0,4.071406841278076,10.0,21.0,-4.071406841278076
2014-08-23,8.3,0.0,11.0,22.0,8.3
2014-08-24,0.0,8.142813682556152,11.0,18.0,-8.142813682556152
2014-08-25,42.5,0.0,11.0,21.0,42.5
2014-08-26,0.0,16.916461944580078,11.0,21.0,-16.916461944580078
2014-08-27,0.0,0.0,10.0,23.0,0.0
2014-08-28,0.0,0.0,10.0,22.0,0.0
2014-08-29,22.3,0.0,11.0,22.0,22.3
2014-08-30,36.5,8.458230972290039,11.0,21.0,28.04176902770996
2014-08-31,1.5,25.374691009521484,13.0,21.0,-23.874691009521484
2014-09-01,8.7,8.175437927246094,12.0,21.0,0.5245620727539055
2014-09-02,20.5,16.350875854492188,11.0,18.0,4.1491241455078125
2014-09-03,49.0,24.52631378173828,13.0,18.0,24.47368621826172
2014-09-04,0.5,0.0,12.0,19.0,0.5
2014-09-05,0.0,16.350875854492188,11.0,21.0,-16.350875854492188
2014-09-06,10.9,0.0,10.0,21.0,10.9
2014-09-07,1.5,6.348036289215088,10.0,19.0,-4.848036289215088
2014-09-08,0.0,6.348036289215088,10.0,19.0,-6.348036289215088
2014-09-09,0.0,0.0,10.0,20.0,0.0
2014-09-10,10.5,0.0,11.0,22.0,10.5
2014-09-11,7.8,0.0,12.0,21.0,7.8
2014-09-12,0.0,22.01827812194824,11.0,17.0,-22.01827812194824
2014-09-13,15.3,11.00913906097412,10.0,21.0,4.290860939025881
2014-09-14,15.0,11.00913906097412,10.0,18.0,3.9908609390258807
2014-09-15,12.0,0.0,9.0,18.0,12.0
2014-09-16,8.0,0.0,10.0,18.0,8.0
2014-09-17,0.0,0.0,10.0,21.0,0.0
2014-09-18,0.0,0.0,9.0,22.0,0.0
2014-09-19,0.0,0.0,9.0,23.0,0.0
2014-09-20,0.4,14.26271915435791,10.0,23.0,-13.86271915435791
2014-09-21,30.0,14.478403091430664,10.0,19.0,15.521596908569336
2014-09-22,4.0,7.239201545715332,13.0,19.0,-3.239201545715332
2014-09-23,0.5,7.239201545715332,10.0,20.0,-6.739201545715332
2014-09-24,5.8,0.0,10.0,20.0,5.8
2014-09-25,0.0,7.239201545715332,11.0,21.0,-7.239201545715332
2014-09-26,11.5,6.35460901260376,11.0,21.0,5.14539098739624
2014-09-27,25.0,19.063825607299805,12.0,20.0,5.936174392700195
2014-09-28,8.0,12.70921802520752,12.0,20.0,-4.7092180252075195
2014-09-29,14.0,6.35460901260376,12.0,18.0,7.64539098739624
2014-09-30,65.5,12.70921802520752,13.0,22.0,52.79078197479248
2014-10-01,22.5,22.97167587280273,13.0,22.0,-0.4716758728027308
2014-10-02,54.0,0.0,14.0,21.0,54.0
2014-10-03,8.5,22.97167587280273,14.0,19.0,-14.47167587280273
2014-10-04,6.5,0.0,13.0,22.0,6.5
2014-10-05,0.0,0.0,13.0,21.0,0.0
2014-10-06,13.2,0.0,13.0,22.0,13.2
2014-10-07,14.5,0.0,11.0,21.0,14.5
2014-10-08,0.0,0.0,7.0,21.0,0.0
2014-10-09,0.0,0.0,7.0,20.0,0.0
2014-10-10,0.0,0.0,9.0,22.0,0.0
2014-10-11,0.6,0.0,10.0,22.0,0.6
2014-10-12,0.0,0.0,10.0,22.0,0.0
2014-10-13,29.4,0.0,11.0,21.0,29.4
2014-10-14,0.0,0.0,10.0,22.0,0.0
2014-10-15,0.0,0.0,9.0,22.0,0.0
2014-10-16,2.9,0.0,9.0,19.0,2.9
2014-10-17,0.6,0.0,12.0,21.0,0.6
2014-10-18,0.0,0.0,12.0,19.0,0.0
2014-10-19,7.0,0.0,13.0,17.0,7.0
2014-10-20,2.5,23.940183639526367,11.0,17.0,-21.440183639526367
2014-10-21,8.3,0.0,10.0,18.0,8.3
2014-10-22,61.5,15.942662239074709,11.0,21.0,45.55733776092529
2014-10-23,0.5,7.9713311195373535,10.0,21.0,-7.4713311195373535
2014-10-24,17.4,0.0,10.0,22.0,17.4
2014-10-25,0.0,0.0,8.0,19.0,0.0
2014-10-26,0.0,0.0,7.0,20.0,0.0
2014-10-27,0.0,0.0,7.0,20.0,0.0
2014-10-28,0.0,0.0,7.0,21.0,0.0
2014-10-29,0.0,0.0,7.0,22.0,0.0
2014-10-30,0.0,0.0,7.0,22.0,0.0
2014-10-31,0.0,0.0,8.0,21.0,0.0
2014-11-01,0.0,6.166037559509277,7.0,21.0,-6.166037559509277
2014-11-02,0.0,0.0,7.0,22.0,0.0
2014-11-03,0.0,0.0,6.0,22.0,0.0
2014-11-04,0.0,0.0,7.0,21.0,0.0
2014-11-05,0.0,0.0,9.0,22.0,0.0
2014-11-06,0.0,0.0,8.0,22.0,0.0
2014-11-07,0.0,0.0,11.0,20.0,0.0
2014-11-08,0.4,0.0,10.0,20.0,0.4
2014-11-09,0.0,0.0,11.0,18.0,0.0
2014-11-10,0.0,0.0,8.0,19.0,0.0
2014-11-11,0.0,0.0,10.0,21.0,0.0
2014-11-12,0.0,0.0,10.0,18.0,0.0
2014-11-13,7.0,0.0,9.0,21.0,7.0
2014-11-14,0.0,0.0,11.0,21.0,0.0
2014-11-15,0.0,0.0,11.0,20.0,0.0
2014-11-16,0.0,0.0,8.0,22.0,0.0
2014-11-17,0.0,0.0,8.0,21.0,0.0
2014-11-18,0.0,0.0,9.0,20.0,0.0
2014-11-19,0.0,0.0,9.0,21.0,0.0
2014-11-20,0.0,0.0,10.0,21.0,0.0
2014-11-21,0.3,0.0,10.0,22.0,0.3
2014-11-22,0.0,0.0,11.0,21.0,0.0
2014-11-23,0.0,0.0,9.0,22.0,0.0
2014-11-24,0.0,0.0,8.0,22.0,0.0
2014-11-25,0.0,0.0,9.0,22.0,0.0
2014-11-26,0.0,5.256369113922119,7.0,22.0,-5.256369113922119
2014-11-27,0.0,0.0,3.0,21.0,0.0
2014-11-28,0.0,0.0,3.0,18.0,0.0
2014-11-29,0.0,0.0,5.0,19.0,0.0
2014-11-30,0.0,0.0,6.0,21.0,0.0
2014-12-01,0.0,0.0,7.0,22.0,0.0
2014-12-02,0.0,0.0,5.0,21.0,0.0
2014-12-03,0.0,0.0,5.0,20.0,0.0
2014-12-04,0.0,0.0,3.0,21.0,0.0
2014-12-05,0.0,0.0,5.0,22.0,0.0
2014-12-06,0.0,0.0,6.0,21.0,0.0
2014-12-07,0.0,0.0,4.0,22.0,0.0
2014-12-08,0.0,0.0,4.0,20.0,0.0
2014-12-09,0.0,0.0,4.0,19.0,0.0
2014-12-10,0.0,0.0,5.0,18.0,0.0
2014-12-11,0.0,0.0,6.0,19.0,0.0
2014-12-12,0.0,0.0,6.0,19.0,0.0
2014-12-13,0.0,0.0,8.0,20.0,0.0
2014-12-14,0.0,0.0,9.0,20.0,0.0
2014-12-15,0.0,0.0,7.0,21.0,0.0
2014-12-16,0.0,0.0,8.0,22.0,0.0
2014-12-17,0.0,0.0,7.0,21.0,0.0
2014-12-18,0.0,0.0,7.0,21.0,0.0
2014-12-19,0.0,0.0,8.0,22.0,0.0
2014-12-20,0.0,0.0,7.0,22.0,0.0
2014-12-21,0.0,0.0,7.0,21.0,0.0
2014-12-22,0.0,1.571453332901001,7.0,18.0,-1.571453332901001
2014-12-23,9.0,1.571453332901001,8.0,17.0,7.428546667098999
2014-12-24,17.5,0.0,10.0,13.0,17.5
2014-12-25,0.5,1.571453332901001,9.0,15.0,-1.071453332901001
2014-12-26,0.0,0.0,9.0,19.0,0.0
2014-12-27,0.0,0.0,8.0,21.0,0.0
2014-12-28,0.0,0.0,7.0,21.0,0.0
2014-12-29,0.0,0.0,6.0,22.0,0.0
2014-12-30,0.0,0.0,7.0,22.0,0.0
2014-12-31,0.0,0.0,6.0,21.0,0.0
2015-01-01,0.0,0.0,7.0,20.0,0.0
2015-01-02,0.0,0.0,6.0,20.0,0.0
2015-01-03,0.0,0.0,6.0,19.0,0.0
2015-01-04,0.0,0.0,7.0,21.0,0.0
2015-01-05,0.0,0.0,6.0,17.0,0.0
2015-01-06,0.0,1.0721776485443115,6.0,19.0,-1.0721776485443115
2015-01-07,0.0,2.144355297088623,7.0,21.0,-2.144355297088623
2015-01-08,0.0,0.0,5.0,17.0,0.0
2015-01-09,0.0,1.0721776485443115,5.0,18.0,-1.0721776485443115
2015-01-10,0.0,0.0,7.0,19.0,0.0
2015-01-11,0.0,0.0,6.0,21.0,0.0
2015-01-12,0.0,0.0,6.0,22.0,0.0
2015-01-13,0.0,0.0,5.0,22.0,0.0
2015-01-14,0.0,0.0,5.0,21.0,0.0
2015-01-15,0.0,0.0,7.0,21.0,0.0
2015-01-16,0.0,0.0,7.0,22.0,0.0
2015-01-17,0.0,0.0,5.0,21.0,0.0
2015-01-18,0.0,0.0,6.0,22.0,0.0
2015-01-19,0.0,0.0,7.0,21.0,0.0
2015-01-20,0.0,0.0,6.0,22.0,0.0
2015-01-21,0.0,0.0,7.0,22.0,0.0
2015-01-22,0.0,0.0,8.0,21.0,0.0
2015-01-23,0.0,0.0,7.0,22.0,0.0
2015-01-24,0.0,0.0,7.0,21.0,0.0
2015-01-25,0.0,0.0,7.0,20.0,0.0
2015-01-26,0.0,0.0,8.0,21.0,0.0
2015-01-27,0.0,0.0,6.0,22.0,0.0
2015-01-28,0.0,0.0,6.0,22.0,0.0
2015-01-29,0.0,0.0,6.0,22.0,0.0
2015-01-30,0.0,0.0,4.0,21.0,0.0
2015-01-31,0.0,0.0,3.0,19.0,0.0
2015-02-01,0.0,0.0,3.0,20.0,0.0
2015-02-02,1.0,0.0,4.0,20.0,1.0
2015-02-03,0.0,0.0,7.0,19.0,0.0
2015-02-04,0.0,0.0,7.0,22.0,0.0
2015-02-05,0.0,0.0,6.0,22.0,0.0
2015-02-06,0.0,0.0,6.0,21.0,0.0
2015-02-07,0.0,0.0,3.0,21.0,0.0
2015-02-08,0.0,0.0,3.0,22.0,0.0
2015-02-09,0.0,0.0,5.0,23.0,0.0
2015-02-10,0.0,0.0,4.0,22.0,0.0
2015-02-11,0.5,0.0,5.0,22.0,0.5
2015-02-12,0.0,0.8582018613815308,6.0,21.0,-0.8582018613815308
2015-02-13,0.0,0.0,5.0,20.0,0.0
2015-02-14,0.0,0.8582018613815308,7.0,21.0,-0.8582018613815308
2015-02-15,0.0,0.0,8.0,22.0,0.0
2015-02-16,0.0,0.0,7.0,23.0,0.0
2015-02-17,0.0,0.0,8.0,22.0,0.0
2015-02-18,0.0,0.0,7.0,22.0,0.0
2015-02-19,0.0,0.0,8.0,22.0,0.0
2015-02-20,0.0,0.0,8.0,22.0,0.0
2015-02-21,0.0,0.0,9.0,24.0,0.0
2015-02-22,0.0,0.0,11.0,25.0,0.0
2015-02-23,0.0,0.0,8.0,26.0,0.0
2015-02-24,0.0,0.0,7.0,24.0,0.0
2015-02-25,0.0,0.0,8.0,24.0,0.0
2015-02-26,0.0,0.0,8.0,22.0,0.0
2015-02-27,0.0,0.0,6.0,23.0,0.0
2015-02-28,0.0,0.0,7.0,23.0,0.0
2015-03-01,0.0,0.0,7.0,24.0,0.0
2015-03-02,0.0,0.0,7.0,25.0,0.0
2015-03-03,0.0,0.0,7.0,24.0,0.0
2015-03-04,0.0,0.0,7.0,25.0,0.0
2015-03-05,0.0,0.0,8.0,26.0,0.0
2015-03-06,0.0,0.0,7.0,22.0,0.0
2015-03-07,0.0,0.0,7.0,22.0,0.0
2015-03-08,0.0,0.0,7.0,22.0,0.0
2015-03-09,0.0,0.0,7.0,23.0,0.0
2015-03-10,0.0,0.0,9.0,22.0,0.0
2015-03-11,9.3,0.0,10.0,20.0,9.3
2015-03-12,0.3,3.2502028942108154,8.0,17.0,-2.9502028942108156
2015-03-13,1.5,0.0,7.0,21.0,1.5
2015-03-14,6.0,0.0,9.0,20.0,6.0
2015-03-15,0.0,13.000811576843262,10.0,17.0,-13.000811576843262
2015-03-16,0.0,0.0,11.0,21.0,0.0
2015-03-17,0.0,0.0,8.0,22.0,0.0
2015-03-18,0.0,0.0,11.0,22.0,0.0
2015-03-19,0.0,0.0,11.0,23.0,0.0
2015-03-20,0.0,0.0,11.0,23.0,0.0
2015-03-21,0.0,5.839539527893066,14.0,22.0,-5.839539527893066
2015-03-22,0.0,0.0,10.0,19.0,0.0
2015-03-23,20.4,0.0,11.0,22.0,20.4
2015-03-24,20.0,11.679079055786133,10.0,21.0,8.320920944213867
2015-03-25,3.5,11.679079055786133,10.0,22.0,-8.179079055786133
2015-03-26,0.0,0.0,10.0,22.0,0.0
2015-03-27,0.0,0.0,10.0,22.0,0.0
2015-03-28,9.8,0.0,11.0,20.0,9.8
2015-03-29,0.0,0.0,10.0,18.0,0.0
2015-03-30,0.0,0.0,8.0,20.0,0.0
2015-03-31,0.0,0.0,7.0,24.0,0.0
2015-04-01,0.0,0.0,10.0,24.0,0.0
2015-04-02,0.0,0.0,10.0,24.0,0.0
2015-04-03,0.0,0.0,10.0,26.0,0.0
2015-04-04,0.0,2.941865921020508,11.0,25.0,-2.941865921020508
2015-04-05,0.0,0.0,8.0,24.0,0.0
2015-04-06,0.0,0.0,8.0,24.0,0.0
2015-04-07,0.0,0.0,9.0,24.0,0.0
2015-04-08,0.0,0.0,10.0,25.0,0.0
2015-04-09,0.0,0.0,10.0,25.0,0.0
2015-04-10,1.5,0.0,10.0,25.0,1.5
2015-04-11,0.0,0.0,11.0,23.0,0.0
2015-04-12,0.0,7.864505290985107,11.0,25.0,-7.864505290985107
2015-04-13,0.0,0.0,10.0,24.0,0.0
2015-04-14,0.0,0.0,11.0,25.0,0.0
2015-04-15,0.0,0.0,11.0,25.0,0.0
2015-04-16,0.0,0.0,10.0,26.0,0.0
2015-04-17,0.0,0.0,10.0,26.0,0.0
2015-04-18,0.0,0.0,8.0,26.0,0.0
2015-04-19,0.0,0.0,10.0,26.0,0.0
2015-04-20,0.0,0.0,9.0,26.0,0.0
2015-04-21,0.0,0.0,10.0,28.0,0.0
2015-04-22,0.0,0.0,13.0,28.0,0.0
2015-04-23,0.0,3.584036111831665,12.0,28.0,-3.584036111831665
2015-04-24,0.0,0.0,11.0,26.0,0.0
2015-04-25,0.0,0.0,12.0,27.0,0.0
2015-04-26,0.0,0.0,11.0,26.0,0.0
2015-04-27,0.0,0.0,10.0,26.0,0.0
2015-04-28,0.0,0.0,10.0,25.0,0.0
2015-04-29,2.5,0.0,11.0,21.0,2.5
2015-04-30,0.0,0.0,13.0,22.0,0.0
2015-05-01,0.4,0.0,14.0,23.0,0.4
2015-05-02,0.5,0.0,13.0,23.0,0.5
2015-05-03,7.0,0.0,14.0,23.0,7.0
2015-05-04,0.5,0.0,13.0,25.0,0.5
2015-05-05,0.7,0.0,11.0,25.0,0.7
2015-05-06,7.5,4.498885631561279,11.0,25.0,3.0011143684387207
2015-05-07,6.0,0.0,11.0,29.0,6.0
2015-05-08,0.0,4.498885631561279,10.0,25.0,-4.498885631561279
2015-05-09,0.0,4.498885631561279,11.0,26.0,-4.498885631561279
2015-05-10,3.0,4.498885631561279,11.0,25.0,-1.4988856315612793
2015-05-11,5.0,6.809435844421387,11.0,25.0,-1.8094358444213867
2015-05-12,3.0,6.809435844421387,13.0,25.0,-3.8094358444213867
2015-05-13,1.3,3.4047179222106934,11.0,21.0,-2.1047179222106935
2015-05-14,10.0,6.809435844421387,11.0,22.0,3.1905641555786133
2015-05-15,16.5,0.0,11.0,23.0,16.5
2015-05-16,0.0,4.66693925857544,12.0,22.0,-4.66693925857544
2015-05-17,4.0,0.0,11.0,22.0,4.0
2015-05-18,0.0,0.0,10.0,24.0,0.0
2015-05-19,0.0,0.0,10.0,24.0,0.0
2015-05-20,14.2,14.000818252563477,10.0,21.0,0.19918174743652273
2015-05-21,15.5,13.33742618560791,11.0,22.0,2.16257381439209
2015-05-22,2.0,33.34356689453125,12.0,21.0,-31.34356689453125
2015-05-23,0.0,0.0,11.0,22.0,0.0
2015-05-24,3.3,0.0,11.0,19.0,3.3
2015-05-25,1.0,0.0,12.0,23.0,1.0
2015-05-26,3.5,0.0,11.0,22.0,3.5
2015-05-27,5.5,0.0,11.0,22.0,5.5
2015-05-28,5.3,12.091838836669922,12.0,20.0,-6.791838836669922
2015-05-29,0.0,12.091838836669922,12.0,21.0,-12.091838836669922
2015-05-30,9.5,6.045919418334961,11.0,20.0,3.454080581665039
2015-05-31,0.3,12.091838836669922,11.0,17.0,-11.791838836669921
2015-06-01,9.0,20.53621292114257,11.0,18.0,-11.536212921142571
2015-06-02,41.7,0.0,11.0,19.0,41.7
2015-06-03,0.3,6.845403671264648,12.0,18.0,-6.545403671264649
2015-06-04,19.0,13.690807342529297,11.0,21.0,5.309192657470703
2015-06-05,8.5,6.845403671264648,11.0,21.0,1.6545963287353516
2015-06-06,11.0,6.357299327850342,13.0,18.0,4.642700672149658
2015-06-07,45.0,6.357299327850342,13.0,21.0,38.64270067214966
2015-06-08,0.0,6.357299327850342,12.0,21.0,-6.357299327850342
2015-06-09,0.0,0.0,11.0,22.0,0.0
2015-06-10,0.0,0.0,10.0,24.0,0.0
2015-06-11,6.5,0.0,11.0,22.0,6.5
2015-06-12,34.5,22.413589477539062,14.0,22.0,12.086410522460938
2015-06-13,2.3,7.47119665145874,13.0,23.0,-5.17119665145874
2015-06-14,0.0,0.0,14.0,19.0,0.0
2015-06-15,0.0,0.0,13.0,21.0,0.0
2015-06-16,0.0,0.0,11.0,22.0,0.0
2015-06-17,4.0,0.0,11.0,22.0,4.0
2015-06-18,17.0,10.99740982055664,13.0,21.0,6.002590179443359
2015-06-19,40.0,10.99740982055664,10.0,22.0,29.00259017944336
2015-06-20,0.0,10.99740982055664,11.0,22.0,-10.99740982055664
2015-06-21,0.0,0.0,13.0,23.0,0.0
2015-06-22,1.0,0.0,14.0,23.0,1.0
2015-06-23,0.6,0.0,13.0,24.0,0.6
2015-06-24,0.0,0.0,11.0,22.0,0.0
2015-06-25,0.0,0.0,11.0,23.0,0.0
2015-06-26,8.5,0.0,11.0,24.0,8.5
2015-06-27,3.5,13.320931434631348,11.0,21.0,-9.820931434631348
2015-06-28,8.3,0.0,12.0,21.0,8.3
2015-06-29,12.5,13.320931434631348,12.0,18.0,-0.8209314346313477
2015-06-30,21.5,0.0,12.0,21.0,21.5
2015-07-01,5.3,4.5331244468688965,12.0,19.0,0.7668755531311033
2015-07-02,10.8,13.599373817443848,13.0,18.0,-2.799373817443847
2015-07-03,6.0,4.5331244468688965,11.0,18.0,1.4668755531311035
2015-07-04,1.8,0.0,11.0,22.0,1.8
2015-07-05,3.6,0.0,12.0,20.0,3.6
2015-07-06,0.0,8.120325088500977,12.0,21.0,-8.120325088500977
2015-07-07,0.3,4.060162544250488,13.0,21.0,-3.7601625442504885
2015-07-08,21.0,0.0,12.0,22.0,21.0
2015-07-09,0.0,4.060162544250488,10.0,22.0,-4.060162544250488
2015-07-10,0.0,0.0,10.0,19.0,0.0
2015-07-11,0.0,0.0,11.0,22.0,0.0
2015-07-12,0.0,3.101902723312378,10.0,21.0,-3.101902723312378
2015-07-13,0.0,0.0,8.0,22.0,0.0
2015-07-14,0.0,0.0,9.0,22.0,0.0
2015-07-15,15.5,0.0,10.0,23.0,15.5
2015-07-16,3.7,0.0,10.0,19.0,3.7
2015-07-17,6.7,15.945186614990234,13.0,20.0,-9.245186614990235
2015-07-18,4.5,0.0,13.0,20.0,4.5
2015-07-19,3.0,0.0,11.0,21.0,3.0
2015-07-20,0.0,15.945186614990234,13.0,19.0,-15.945186614990234
2015-07-21,3.0,4.613805294036865,14.0,21.0,-1.6138052940368652
2015-07-22,0.0,9.22761058807373,12.0,21.0,-9.22761058807373
2015-07-23,7.3,0.0,12.0,22.0,7.3
2015-07-24,1.2,9.22761058807373,11.0,24.0,-8.027610588073731
2015-07-25,0.0,9.22761058807373,11.0,24.0,-9.22761058807373
2015-07-26,0.0,0.0,11.0,25.0,0.0
2015-07-27,0.0,0.0,10.0,25.0,0.0
2015-07-28,0.0,0.0,9.0,25.0,0.0
2015-07-29,0.0,0.0,10.0,25.0,0.0
2015-07-30,0.0,0.0,11.0,25.0,0.0
2015-07-31,0.0,0.0,12.0,24.0,0.0
2015-08-01,0.0,0.0,11.0,22.0,0.0
2015-08-02,0.0,0.0,10.0,25.0,0.0
2015-08-03,3.6,0.0,10.0,25.0,3.6
2015-08-04,31.0,28.497766494750977,11.0,24.0,2.5022335052490234
2015-08-05,0.0,14.248883247375488,10.0,24.0,-14.248883247375488
2015-08-06,0.0,0.0,10.0,24.0,0.0
2015-08-07,0.0,0.0,10.0,23.0,0.0
2015-08-08,0.2,0.0,11.0,25.0,0.2
2015-08-09,18.5,8.616508483886719,12.0,25.0,9.883491516113281
2015-08-10,3.5,8.616508483886719,11.0,24.0,-5.116508483886719
2015-08-11,1.7,0.0,10.0,22.0,1.7
2015-08-12,0.0,0.0,11.0,22.0,0.0
2015-08-13,0.0,0.0,11.0,26.0,0.0
2015-08-14,0.0,0.0,10.0,23.0,0.0
2015-08-15,0.0,0.0,10.0,24.0,0.0
2015-08-16,0.2,3.602198839187622,11.0,21.0,-3.402198839187622
2015-08-17,31.7,3.602198839187622,13.0,21.0,28.097801160812377
2015-08-18,0.4,3.602198839187622,13.0,21.0,-3.202198839187622
2015-08-19,0.0,0.0,14.0,22.0,0.0
2015-08-20,0.3,3.602198839187622,11.0,24.0,-3.3021988391876222
2015-08-21,10.4,17.99563980102539,11.0,21.0,-7.59563980102539
2015-08-22,12.4,17.99563980102539,11.0,22.0,-5.59563980102539
2015-08-23,0.0,0.0,12.0,21.0,0.0
2015-08-24,0.0,0.0,11.0,24.0,0.0
2015-08-25,2.5,17.99563980102539,11.0,22.0,-15.49563980102539
2015-08-26,2.2,0.0,11.0,21.0,2.2
2015-08-27,6.0,5.67812442779541,10.0,22.0,0.32187557220458984
2015-08-28,3.0,5.67812442779541,11.0,21.0,-2.67812442779541
2015-08-29,3.0,28.39062118530273,11.0,21.0,-25.39062118530273
2015-08-30,20.0,11.35624885559082,14.0,21.0,8.64375114440918
2015-08-31,0.6,5.67812442779541,12.0,20.0,-5.0781244277954105
2015-09-01,4.5,0.0,12.0,22.0,4.5
2015-09-02,3.0,0.0,13.0,21.0,3.0
2015-09-03,31.3,13.55051612854004,12.0,19.0,17.749483871459958
2015-09-04,1.3,0.0,12.0,21.0,1.3
2015-09-05,0.0,13.55051612854004,12.0,22.0,-13.55051612854004
2015-09-06,10.5,0.0,13.0,21.0,10.5
2015-09-07,3.5,11.361106872558594,10.0,22.0,-7.861106872558594
2015-09-08,1.0,0.0,10.0,22.0,1.0
2015-09-09,6.3,0.0,10.0,20.0,6.3
2015-09-10,0.0,0.0,10.0,21.0,0.0
2015-09-11,0.0,0.0,11.0,22.0,0.0
2015-09-12,4.9,0.0,11.0,21.0,4.9
2015-09-13,12.4,0.0,12.0,20.0,12.4
2015-09-14,4.9,0.0,14.0,21.0,4.9
2015-09-15,4.8,13.255481719970703,14.0,18.0,-8.455481719970702
2015-09-16,45.0,8.902965545654297,12.0,16.0,36.0970344543457
2015-09-17,6.0,4.451482772827148,13.0,19.0,1.5485172271728516
2015-09-18,5.0,8.902965545654297,12.0,21.0,-3.902965545654297
2015-09-19,0.4,0.0,12.0,19.0,0.4
2015-09-20,2.6,0.0,12.0,21.0,2.6
2015-09-21,7.0,0.0,12.0,21.0,7.0
2015-09-22,0.0,14.83642578125,13.0,22.0,-14.83642578125
2015-09-23,0.0,0.0,10.0,22.0,0.0
2015-09-24,38.3,0.0,11.0,21.0,38.3
2015-09-25,0.7,0.0,11.0,18.0,0.7
2015-09-26,13.5,0.0,11.0,18.0,13.5
2015-09-27,2.5,0.0,12.0,18.0,2.5
2015-09-28,26.0,17.166040420532227,11.0,14.0,8.833959579467773
2015-09-29,11.0,0.0,11.0,15.0,11.0
2015-09-30,6.0,17.166040420532227,12.0,18.0,-11.166040420532227
2015-10-01,0.0,0.0,12.0,20.0,0.0
2015-10-02,0.0,0.0,8.0,22.0,0.0
2015-10-03,0.0,0.0,7.0,22.0,0.0
2015-10-04,0.0,0.0,7.0,21.0,0.0
2015-10-05,0.0,0.0,7.0,21.0,0.0
2015-10-06,0.0,0.0,9.0,23.0,0.0
2015-10-07,0.0,0.0,9.0,23.0,0.0
2015-10-08,0.0,0.0,9.0,21.0,0.0
2015-10-09,0.0,0.0,10.0,21.0,0.0
2015-10-10,0.0,0.0,9.0,24.0,0.0
2015-10-11,7.5,0.0,10.0,22.0,7.5
2015-10-12,4.8,4.24843168258667,10.0,21.0,0.5515683174133299
2015-10-13,0.0,0.0,10.0,22.0,0.0
2015-10-14,1.0,4.24843168258667,10.0,22.0,-3.24843168258667
2015-10-15,0.0,0.0,10.0,21.0,0.0
2015-10-16,0.0,0.0,9.0,22.0,0.0
2015-10-17,0.0,0.0,10.0,22.0,0.0
2015-10-18,0.0,0.0,14.0,22.0,0.0
2015-10-19,0.0,0.0,12.0,22.0,0.0
2015-10-20,0.0,0.0,10.0,24.0,0.0
2015-10-21,0.8,0.0,10.0,21.0,0.8
2015-10-22,13.3,0.0,12.0,21.0,13.3
2015-10-23,0.0,8.493290901184082,13.0,21.0,-8.493290901184082
2015-10-24,0.4,0.0,14.0,21.0,0.4
2015-10-25,0.4,0.0,11.0,19.0,0.4
2015-10-26,3.0,0.0,13.0,18.0,3.0
2015-10-27,0.0,0.0,15.0,21.0,0.0
2015-10-28,23.0,36.298248291015625,14.0,18.0,-13.298248291015625
2015-10-29,20.5,36.298248291015625,11.0,21.0,-15.798248291015625
2015-10-30,1.0,0.0,12.0,20.0,1.0
2015-10-31,0.4,0.0,14.0,18.0,0.4
2015-11-01,2.0,0.0,14.0,18.0,2.0
2015-11-02,2.2,0.0,14.0,19.0,2.2
2015-11-03,0.0,15.938982009887695,13.0,21.0,-15.938982009887695
2015-11-04,0.0,0.0,11.0,22.0,0.0
2015-11-05,0.0,0.0,10.0,22.0,0.0
2015-11-06,40.3,0.0,10.0,21.0,40.3
2015-11-07,11.5,4.645588874816895,11.0,18.0,6.854411125183105
2015-11-08,7.5,2.322794437408448,13.0,18.0,5.177205562591552
2015-11-09,0.0,0.0,10.0,22.0,0.0
2015-11-10,0.0,0.0,11.0,22.0,0.0
2015-11-11,0.0,0.0,11.0,22.0,0.0
2015-11-12,0.0,0.0,11.0,23.0,0.0
2015-11-13,0.0,0.0,10.0,22.0,0.0
2015-11-14,0.0,0.0,10.0,21.0,0.0
2015-11-15,0.0,0.0,8.0,22.0,0.0
2015-11-16,0.0,0.0,8.0,22.0,0.0
2015-11-17,0.0,0.0,11.0,22.0,0.0
2015-11-18,0.0,1.554489254951477,11.0,22.0,-1.554489254951477
2015-11-19,0.4,0.0,12.0,21.0,0.4
2015-11-20,0.0,0.0,10.0,23.0,0.0
2015-11-21,0.0,0.0,10.0,22.0,0.0
2015-11-22,0.0,5.503470420837402,10.0,22.0,-5.503470420837402
2015-11-23,0.0,0.0,9.0,22.0,0.0
2015-11-24,0.0,0.0,9.0,21.0,0.0
2015-11-25,0.0,0.0,10.0,23.0,0.0
2015-11-26,0.0,0.0,10.0,23.0,0.0
2015-11-27,0.0,0.0,10.0,21.0,0.0
2015-11-28,0.0,0.0,9.0,23.0,0.0
2015-11-29,0.0,0.0,9.0,24.0,0.0
2015-11-30,0.0,0.0,6.0,22.0,0.0
2015-12-01,0.0,0.0,5.0,23.0,0.0
2015-12-02,0.0,0.0,6.0,22.0,0.0
2015-12-03,0.0,0.0,8.0,21.0,0.0
2015-12-04,0.0,0.0,8.0,21.0,0.0
2015-12-05,0.0,0.0,7.0,21.0,0.0
2015-12-06,0.0,0.0,7.0,21.0,0.0
2015-12-07,0.0,0.0,7.0,21.0,0.0
2015-12-08,0.0,0.0,7.0,18.0,0.0
2015-12-09,0.0,0.0,9.0,22.0,0.0
2015-12-10,0.0,0.0,8.0,21.0,0.0
2015-12-11,0.0,0.0,9.0,21.0,0.0
2015-12-12,0.0,0.0,10.0,21.0,0.0
2015-12-13,0.0,2.3779215812683105,11.0,18.0,-2.3779215812683105
2015-12-14,0.0,0.0,8.0,18.0,0.0
2015-12-15,0.0,0.0,7.0,22.0,0.0
2015-12-16,0.0,0.0,9.0,22.0,0.0
2015-12-17,0.0,0.0,8.0,22.0,0.0
2015-12-18,0.0,0.0,9.0,21.0,0.0
2015-12-19,0.0,0.0,7.0,21.0,0.0
2015-12-20,0.0,0.0,7.0,22.0,0.0
2015-12-21,0.0,0.0,8.0,24.0,0.0
2015-12-22,0.0,1.2433229684829712,9.0,22.0,-1.2433229684829712
2015-12-23,0.0,0.0,9.0,22.0,0.0
2015-12-24,0.0,0.0,8.0,22.0,0.0
2015-12-25,0.0,0.0,7.0,22.0,0.0
2015-12-26,0.0,0.0,7.0,22.0,0.0
2015-12-27,0.0,0.0,7.0,21.0,0.0
2015-12-28,0.0,0.0,6.0,21.0,0.0
2015-12-29,0.0,0.0,7.0,22.0,0.0
2015-12-30,0.0,0.0,8.0,24.0,0.0
2015-12-31,0.0,0.0,8.0,23.0,0.0
2016-01-01,0.0,0.0,9.0,25.0,0.0
2016-01-02,0.0,0.0,8.0,21.0,0.0
2016-01-03,0.0,0.0,9.0,22.0,0.0
2016-01-04,0.1,0.0,13.0,20.0,0.1
2016-01-05,0.0,0.0,10.0,19.0,0.0
2016-01-06,0.0,0.0,8.0,21.0,0.0
2016-01-07,0.0,0.0,10.0,18.0,0.0
2016-01-08,0.0,0.0,10.0,18.0,0.0
2016-01-09,0.0,0.0,6.0,20.0,0.0
2016-01-10,0.0,0.0,7.0,16.0,0.0
2016-01-11,0.0,0.0,5.0,17.0,0.0
2016-01-12,1.8,4.482234954833984,6.0,14.0,-2.6822349548339846
2016-01-13,20.0,8.964469909667969,7.0,10.0,11.035530090332031
2016-01-14,19.5,0.0,9.0,11.0,19.5
2016-01-15,0.0,0.0,7.0,14.0,0.0
2016-01-16,0.0,1.507602572441101,5.0,15.0,-1.507602572441101
2016-01-17,0.0,0.0,5.0,20.0,0.0
2016-01-18,0.0,0.0,3.0,19.0,0.0
2016-01-19,0.0,0.0,5.0,18.0,0.0
2016-01-20,0.0,3.015205144882202,6.0,21.0,-3.015205144882202
2016-01-21,0.0,0.0,4.0,21.0,0.0
2016-01-22,0.0,0.0,5.0,21.0,0.0
2016-01-23,0.0,0.0,5.0,20.0,0.0
2016-01-24,0.0,2.417813539505005,5.0,19.0,-2.417813539505005
2016-01-25,0.0,0.0,4.0,21.0,0.0
2016-01-26,0.0,0.0,4.0,17.0,0.0
2016-01-27,0.0,0.0,6.0,19.0,0.0
2016-01-28,0.0,0.4697431325912475,7.0,18.0,-0.4697431325912475
2016-01-29,0.0,2.8184587955474854,7.0,14.0,-2.8184587955474854
2016-01-30,0.0,0.9394862651824952,7.0,18.0,-0.9394862651824952
2016-01-31,0.0,0.0,9.0,19.0,0.0
2016-02-01,0.0,0.0,7.0,22.0,0.0
2016-02-02,0.0,0.0,7.0,24.0,0.0
2016-02-03,0.0,0.0,7.0,24.0,0.0
2016-02-04,0.0,0.0,7.0,22.0,0.0
2016-02-05,0.0,0.0,6.0,21.0,0.0
2016-02-06,0.0,0.0,6.0,24.0,0.0
2016-02-07,0.0,0.0,3.0,21.0,0.0
2016-02-08,0.0,0.0,3.0,20.0,0.0
2016-02-09,0.0,0.0,6.0,17.0,0.0
2016-02-10,0.0,0.0,6.0,17.0,0.0
2016-02-11,0.0,0.0,2.0,21.0,0.0
2016-02-12,0.0,0.0,3.0,22.0,0.0
2016-02-13,0.0,0.0,3.0,21.0,0.0
2016-02-14,0.0,0.0,2.0,21.0,0.0
2016-02-15,0.0,0.0,3.0,22.0,0.0
2016-02-16,0.0,0.0,6.0,21.0,0.0
2016-02-17,0.0,0.0,6.0,26.0,0.0
2016-02-18,0.0,0.0,3.0,22.0,0.0
2016-02-19,0.0,0.0,3.0,24.0,0.0
2016-02-20,0.0,0.0,7.0,23.0,0.0
2016-02-21,0.0,0.0,6.0,24.0,0.0
2016-02-22,0.0,0.0,7.0,23.0,0.0
2016-02-23,0.0,0.0,9.0,24.0,0.0
2016-02-24,0.0,0.0,8.0,25.0,0.0
2016-02-25,0.0,0.0,8.0,23.0,0.0
2016-02-26,0.0,0.0,9.0,23.0,0.0
2016-02-27,0.0,0.0,7.0,21.0,0.0
2016-02-28,0.0,0.0,10.0,23.0,0.0
2016-02-29,5.0,0.0,10.0,22.0,5.0
2016-03-01,14.0,5.762239933013916,10.0,20.0,8.237760066986084
2016-03-02,0.3,11.524479866027832,10.0,15.0,-11.224479866027831
2016-03-03,5.0,11.524479866027832,10.0,18.0,-6.524479866027832
2016-03-04,3.0,5.762239933013916,9.0,13.0,-2.762239933013916
2016-03-05,0.0,0.0,5.0,17.0,0.0
2016-03-06,0.4,0.0,8.0,21.0,0.4
2016-03-07,0.0,0.0,10.0,21.0,0.0
2016-03-08,38.5,0.0,11.0,16.0,38.5
2016-03-09,20.0,16.65902328491211,9.0,12.0,3.3409767150878906
2016-03-10,0.3,0.0,5.0,13.0,0.3
2016-03-11,0.0,0.0,0.0,17.0,0.0
2016-03-12,0.0,0.0,1.0,20.0,0.0
2016-03-13,0.0,0.0,3.0,22.0,0.0
2016-03-14,0.0,0.0,5.0,24.0,0.0
2016-03-15,0.0,0.0,7.0,25.0,0.0
2016-03-16,0.0,0.0,9.0,23.0,0.0
2016-03-17,0.0,0.0,9.0,23.0,0.0
2016-03-18,0.0,0.0,9.0,24.0,0.0
2016-03-19,0.0,2.9908697605133057,9.0,22.0,-2.9908697605133057
2016-03-20,0.0,0.0,9.0,23.0,0.0
2016-03-21,0.0,0.0,10.0,19.0,0.0
2016-03-22,0.0,6.341280937194824,10.0,22.0,-6.341280937194824
2016-03-23,0.0,0.0,8.0,24.0,0.0
2016-03-24,0.0,0.0,10.0,25.0,0.0
2016-03-25,0.0,0.0,10.0,25.0,0.0
2016-03-26,0.0,0.0,11.0,25.0,0.0
2016-03-27,0.0,0.0,10.0,27.0,0.0
2016-03-28,0.0,0.0,13.0,28.0,0.0
2016-03-29,0.0,0.0,10.0,25.0,0.0
2016-03-30,0.0,0.0,10.0,25.0,0.0
2016-03-31,0.0,0.0,9.0,25.0,0.0
2016-04-01,0.0,0.0,10.0,26.0,0.0
2016-04-02,0.0,0.0,11.0,28.0,0.0
2016-04-03,0.0,0.0,9.0,25.0,0.0
2016-04-04,0.0,0.0,9.0,26.0,0.0
2016-04-05,0.0,0.0,10.0,28.0,0.0
2016-04-06,0.0,0.0,10.0,27.0,0.0
2016-04-07,0.0,0.0,10.0,28.0,0.0
2016-04-08,0.0,0.0,10.0,25.0,0.0
2016-04-09,0.0,0.0,10.0,27.0,0.0
2016-04-10,0.0,0.0,10.0,26.0,0.0
2016-04-11,0.0,0.0,9.0,28.0,0.0
2016-04-12,0.0,0.0,9.0,28.0,0.0
2016-04-13,0.0,0.0,10.0,28.0,0.0
2016-04-14,0.0,0.0,10.0,28.0,0.0
2016-04-15,0.0,0.0,9.0,25.0,0.0
2016-04-16,0.0,0.0,8.0,27.0,0.0
2016-04-17,0.0,0.0,8.0,26.0,0.0
2016-04-18,8.0,13.024539947509766,9.0,25.0,-5.024539947509766
2016-04-19,39.5,13.024539947509766,11.0,25.0,26.475460052490234
2016-04-20,6.4,0.0,11.0,20.0,6.4
2016-04-21,6.0,5.568795204162598,11.0,22.0,0.43120479583740234
2016-04-22,0.0,5.568795204162598,12.0,21.0,-5.568795204162598
2016-04-23,1.2,0.0,11.0,19.0,1.2
2016-04-24,0.0,5.568795204162598,12.0,23.0,-5.568795204162598
2016-04-25,0.0,11.137590408325195,10.0,22.0,-11.137590408325195
2016-04-26,0.0,8.45210075378418,9.0,25.0,-8.45210075378418
2016-04-27,0.0,8.45210075378418,9.0,26.0,-8.45210075378418
2016-04-28,0.0,0.0,8.0,26.0,0.0
2016-04-29,0.0,0.0,8.0,26.0,0.0
2016-04-30,0.0,0.0,9.0,25.0,0.0
2016-05-01,0.0,0.0,10.0,28.0,0.0
2016-05-02,0.0,0.0,9.0,29.0,0.0
2016-05-03,0.0,0.0,10.0,28.0,0.0
2016-05-04,1.5,0.0,12.0,27.0,1.5
2016-05-05,0.5,3.3795201778411865,12.0,25.0,-2.8795201778411865
2016-05-06,1.0,0.0,13.0,24.0,1.0
2016-05-07,1.7,0.0,11.0,25.0,1.7
2016-05-08,0.0,0.0,11.0,26.0,0.0
2016-05-09,3.5,0.0,13.0,25.0,3.5
2016-05-10,0.0,9.412457466125488,11.0,25.0,-9.412457466125488
2016-05-11,5.1,3.452986717224121,11.0,25.0,1.6470132827758786
2016-05-12,0.5,10.358959197998049,13.0,24.0,-9.858959197998049
2016-05-13,3.4,10.358959197998049,10.0,25.0,-6.958959197998048
2016-05-14,0.0,0.0,11.0,23.0,0.0
2016-05-15,2.2,0.0,13.0,22.0,2.2
2016-05-16,7.0,0.0,14.0,21.0,7.0
2016-05-17,0.0,0.0,11.0,25.0,0.0
2016-05-18,0.0,0.0,11.0,26.0,0.0
2016-05-19,0.0,0.0,13.0,26.0,0.0
2016-05-20,0.0,0.0,11.0,28.0,0.0
2016-05-21,3.4,4.686884880065918,12.0,26.0,-1.286884880065918
2016-05-22,0.4,9.373769760131836,12.0,25.0,-8.973769760131836
2016-05-23,2.8,0.0,14.0,24.0,2.8
2016-05-24,0.0,4.686884880065918,12.0,25.0,-4.686884880065918
2016-05-25,0.0,0.0,11.0,29.0,0.0
2016-05-26,0.0,0.0,12.0,28.0,0.0
2016-05-27,6.4,3.590965986251831,14.0,26.0,2.8090340137481693
2016-05-28,8.8,0.0,14.0,25.0,8.8
2016-05-29,0.0,10.772897720336914,13.0,22.0,-10.772897720336914
2016-05-30,3.8,3.590965986251831,12.0,25.0,0.20903401374816877
2016-05-31,0.0,3.590965986251831,11.0,22.0,-3.590965986251831
2016-06-01,1.0,0.0,12.0,22.0,1.0
2016-06-02,0.0,18.1645450592041,12.0,21.0,-18.1645450592041
2016-06-03,16.0,0.0,14.0,21.0,16.0
2016-06-04,1.5,0.0,12.0,22.0,1.5
2016-06-05,8.5,0.0,11.0,22.0,8.5
2016-06-06,0.0,17.829181671142578,11.0,21.0,-17.829181671142578
2016-06-07,0.0,0.0,12.0,24.0,0.0
2016-06-08,2.2,0.0,10.0,22.0,2.2
2016-06-09,0.0,0.0,10.0,22.0,0.0
2016-06-10,34.5,0.0,11.0,24.0,34.5
2016-06-11,0.0,41.81560134887695,11.0,21.0,-41.81560134887695
2016-06-12,50.5,10.453900337219238,11.0,22.0,40.04609966278076
2016-06-13,24.5,20.90780067443848,12.0,20.0,3.59219932556152
2016-06-14,49.0,20.90780067443848,11.0,20.0,28.09219932556152
2016-06-15,1.2,20.90780067443848,13.0,22.0,-19.70780067443848
2016-06-16,8.0,15.189215660095217,14.0,22.0,-7.189215660095217
2016-06-17,12.3,0.0,14.0,21.0,12.3
2016-06-18,16.8,15.189215660095217,13.0,21.0,1.610784339904784
2016-06-19,0.3,15.189215660095217,10.0,21.0,-14.889215660095216
2016-06-20,41.7,30.37843132019043,12.0,19.0,11.321568679809573
2016-06-21,1.1,22.6943416595459,11.0,20.0,-21.594341659545897
2016-06-22,11.5,0.0,10.0,21.0,11.5
2016-06-23,1.5,0.0,11.0,21.0,1.5
2016-06-24,9.5,0.0,11.0,21.0,9.5
2016-06-25,28.3,0.0,11.0,22.0,28.3
2016-06-26,0.0,17.882080078125,11.0,21.0,-17.882080078125
2016-06-27,5.5,8.9410400390625,13.0,22.0,-3.4410400390625
2016-06-28,1.2,8.9410400390625,12.0,22.0,-7.7410400390625
2016-06-29,4.5,0.0,11.0,22.0,4.5
2016-06-30,24.0,17.882080078125,11.0,21.0,6.117919921875
2016-07-01,1.7,0.0,11.0,19.0,1.7
2016-07-02,0.0,19.209884643554688,14.0,22.0,-19.209884643554688
2016-07-03,0.0,0.0,11.0,22.0,0.0
2016-07-04,49.5,19.209884643554688,11.0,22.0,30.290115356445312
2016-07-05,11.7,19.209884643554688,11.0,21.0,-7.509884643554688
2016-07-06,9.7,8.868568420410156,11.0,22.0,0.831431579589843
2016-07-07,0.0,0.0,11.0,22.0,0.0
2016-07-08,7.8,0.0,11.0,25.0,7.8
2016-07-09,0.0,17.737136840820312,10.0,23.0,-17.737136840820312
2016-07-10,22.8,0.0,10.0,22.0,22.8
2016-07-11,6.0,31.436437606811523,11.0,21.0,-25.436437606811523
2016-07-12,0.0,7.859109401702881,13.0,21.0,-7.859109401702881
2016-07-13,0.9,0.0,12.0,22.0,0.9
2016-07-14,0.0,0.0,11.0,21.0,0.0
2016-07-15,0.0,0.0,10.0,22.0,0.0
2016-07-16,15.5,0.0,10.0,22.0,15.5
2016-07-17,1.6,18.21065330505371,11.0,21.0,-16.61065330505371
2016-07-18,15.4,9.105326652526855,11.0,23.0,6.294673347473145
2016-07-19,7.5,9.105326652526855,11.0,21.0,-1.6053266525268555
2016-07-20,2.7,0.0,10.0,22.0,2.7
2016-07-21,23.0,17.140108108520508,11.0,22.0,5.859891891479492
2016-07-22,30.7,0.0,12.0,20.0,30.7
2016-07-23,4.5,34.280216217041016,13.0,22.0,-29.780216217041016
2016-07-24,0.0,0.0,11.0,21.0,0.0
2016-07-25,16.3,0.0,,21.0,16.3
2016-07-26,0.0,25.874908447265625,,20.0,-25.874908447265625
2016-07-27,5.4,0.0,,21.0,5.4
2016-07-28,0.2,25.874908447265625,,21.0,-25.674908447265626
2016-07-29,2.5,0.0,,22.0,2.5
2016-07-30,22.5,0.0,,20.0,22.5
2016-07-31,0.0,17.24993896484375,,19.0,-17.24993896484375
2016-08-01,0.0,0.0,9.0,19.0,0.0
2016-08-02,0.5,0.0,9.0,22.0,0.5
2016-08-03,1.3,0.0,11.0,22.0,1.3
2016-08-04,8.4,6.07153844833374,11.0,19.0,2.32846155166626
2016-08-05,10.5,0.0,11.0,22.0,10.5
2016-08-06,25.2,23.672590255737305,11.0,22.0,1.5274097442626946
2016-08-07,21.5,0.0,14.0,21.0,21.5
2016-08-08,9.3,7.890863418579102,14.0,21.0,1.4091365814208991
2016-08-09,43.0,7.890863418579102,14.0,21.0,35.1091365814209
2016-08-10,0.0,15.781726837158203,14.0,21.0,-15.781726837158203
2016-08-11,0.0,0.0,11.0,21.0,0.0
2016-08-12,0.0,0.0,10.0,22.0,0.0
2016-08-13,4.7,0.0,11.0,22.0,4.7
2016-08-14,5.5,0.0,11.0,19.0,5.5
2016-08-15,4.2,20.33554458618164,11.0,21.0,-16.13554458618164
2016-08-16,8.6,14.078840255737305,11.0,18.0,-5.478840255737305
2016-08-17,4.0,0.0,14.0,21.0,4.0
2016-08-18,4.5,14.078840255737305,15.0,21.0,-9.578840255737305
2016-08-19,17.0,14.078840255737305,14.0,21.0,2.9211597442626953
2016-08-20,0.0,14.078840255737305,13.0,18.0,-14.078840255737305
2016-08-21,1.7,0.0,12.0,22.0,1.7
2016-08-22,0.0,0.0,11.0,21.0,0.0
2016-08-23,0.0,0.0,11.0,21.0,0.0
2016-08-24,0.0,9.228493690490724,11.0,21.0,-9.228493690490724
2016-08-25,0.0,9.228493690490724,10.0,22.0,-9.228493690490724
2016-08-26,0.0,5.552119255065918,10.0,21.0,-5.552119255065918
2016-08-27,0.0,0.0,11.0,20.0,0.0
2016-08-28,0.0,0.0,12.0,21.0,0.0
2016-08-29,2.5,0.0,12.0,21.0,2.5
2016-08-30,15.0,5.552119255065918,12.0,21.0,9.447880744934082
2016-08-31,1.7,5.552119255065918,12.0,21.0,-3.852119255065918
2016-09-01,4.7,0.0,11.0,20.0,4.7
2016-09-02,7.0,11.834744453430176,11.0,21.0,-4.834744453430176
2016-09-03,25.5,11.834744453430176,13.0,18.0,13.665255546569824
2016-09-04,18.5,17.752117156982422,14.0,17.0,0.7478828430175781
2016-09-05,1.5,0.0,12.0,19.0,1.5
2016-09-06,0.0,0.0,12.0,22.0,0.0
2016-09-07,0.0,0.0,10.0,21.0,0.0
2016-09-08,0.0,0.0,9.0,21.0,0.0
2016-09-09,0.0,0.0,9.0,21.0,0.0
2016-09-10,1.0,0.0,11.0,22.0,1.0
2016-09-11,0.0,0.0,11.0,18.0,0.0
2016-09-12,1.3,5.449855804443359,14.0,19.0,-4.1498558044433596
2016-09-13,14.0,0.0,12.0,20.0,14.0
2016-09-14,0.7,5.449855804443359,11.0,21.0,-4.749855804443359
2016-09-15,1.0,5.449855804443359,11.0,21.0,-4.449855804443359
2016-09-16,0.3,14.184404373168944,14.0,21.0,-13.884404373168943
2016-09-17,4.0,14.184404373168944,13.0,22.0,-10.184404373168944
2016-09-18,0.0,14.184404373168944,11.0,22.0,-14.184404373168944
2016-09-19,0.3,0.0,12.0,22.0,0.3
2016-09-20,12.5,0.0,10.0,21.0,12.5
2016-09-21,18.3,6.109679698944092,10.0,19.0,12.190320301055909
2016-09-22,6.8,12.219359397888184,11.0,20.0,-5.419359397888184
2016-09-23,10.5,6.109679698944092,11.0,21.0,4.390320301055908
2016-09-24,0.2,12.219359397888184,10.0,18.0,-12.019359397888184
2016-09-25,33.5,0.0,10.0,18.0,33.5
2016-09-26,17.0,29.396991729736328,11.0,18.0,-12.396991729736328
2016-09-27,25.7,0.0,11.0,18.0,25.7
2016-09-28,13.9,9.798998832702637,12.0,19.0,4.101001167297364
2016-09-29,3.4,9.798998832702637,11.0,21.0,-6.398998832702636
2016-09-30,10.0,9.798998832702637,11.0,19.0,0.20100116729736328
2016-10-01,6.0,2.967238664627075,11.0,19.0,3.032761335372925
2016-10-02,7.0,2.967238664627075,10.0,21.0,4.032761335372925
2016-10-03,2.5,2.967238664627075,11.0,19.0,-0.4672386646270752
2016-10-04,0.0,2.967238664627075,12.0,21.0,-2.967238664627075
2016-10-05,33.8,8.901715278625488,13.0,21.0,24.89828472137451
2016-10-06,7.7,10.562464714050291,13.0,18.0,-2.862464714050291
2016-10-07,0.0,6.035694122314453,11.0,22.0,-6.035694122314453
2016-10-08,0.0,0.0,10.0,22.0,0.0
2016-10-09,0.0,0.0,10.0,19.0,0.0
2016-10-10,0.0,0.0,10.0,21.0,0.0
2016-10-11,0.0,0.0,10.0,20.0,0.0
2016-10-12,2.8,0.0,11.0,21.0,2.8
2016-10-13,0.0,8.49770736694336,11.0,24.0,-8.49770736694336
2016-10-14,0.0,0.0,9.0,22.0,0.0
2016-10-15,0.0,0.0,8.0,22.0,0.0
2016-10-16,0.0,0.0,10.0,22.0,0.0
2016-10-17,0.0,0.0,10.0,21.0,0.0
2016-10-18,1.0,0.0,10.0,20.0,1.0
2016-10-19,14.7,0.0,12.0,21.0,14.7
2016-10-20,0.0,0.0,10.0,22.0,0.0
2016-10-21,0.0,0.0,11.0,22.0,0.0
2016-10-22,3.0,0.0,9.0,22.0,3.0
2016-10-23,0.0,0.0,9.0,22.0,0.0
2016-10-24,0.0,0.0,10.0,21.0,0.0
2016-10-25,0.5,0.0,9.0,21.0,0.5
2016-10-26,1.0,0.0,8.0,21.0,1.0
2016-10-27,0.0,0.0,7.0,21.0,0.0
2016-10-28,0.0,0.0,5.0,19.0,0.0
2016-10-29,0.0,0.0,6.0,22.0,0.0
2016-10-30,0.0,0.0,7.0,21.0,0.0
2016-10-31,0.0,0.0,10.0,21.0,0.0
2016-11-01,0.0,0.0,9.0,24.0,0.0
2016-11-02,0.0,0.0,10.0,25.0,0.0
2016-11-03,1.5,0.0,10.0,24.0,1.5
2016-11-04,0.0,0.0,10.0,22.0,0.0
2016-11-05,1.5,0.0,9.0,22.0,1.5
2016-11-06,0.5,12.813946723937988,11.0,21.0,-12.313946723937988
2016-11-07,3.5,0.0,11.0,22.0,3.5
2016-11-08,0.2,0.0,11.0,21.0,0.2
2016-11-09,2.0,12.813946723937988,12.0,16.0,-10.813946723937988
2016-11-10,0.0,12.813946723937988,11.0,18.0,-12.813946723937988
2016-11-11,0.0,0.0,10.0,21.0,0.0
2016-11-12,0.0,0.0,12.0,21.0,0.0
2016-11-13,0.0,0.0,10.0,19.0,0.0
2016-11-14,0.0,0.0,9.0,21.0,0.0
2016-11-15,1.4,0.0,10.0,19.0,1.4
2016-11-16,0.6,0.0,12.0,15.0,0.6
2016-11-17,0.0,0.0,8.0,20.0,0.0
2016-11-18,0.0,0.0,8.0,21.0,0.0
2016-11-19,0.0,0.0,8.0,21.0,0.0
2016-11-20,0.0,0.0,6.0,21.0,0.0
2016-11-21,0.0,0.0,5.0,21.0,0.0
2016-11-22,0.0,0.0,5.0,21.0,0.0
2016-11-23,0.0,0.0,5.0,22.0,0.0
2016-11-24,0.0,0.0,6.0,21.0,0.0
2016-11-25,0.0,0.0,6.0,21.0,0.0
2016-11-26,0.0,0.0,6.0,21.0,0.0
2016-11-27,0.0,0.0,6.0,22.0,0.0
2016-11-28,0.0,0.0,7.0,22.0,0.0
2016-11-29,0.0,0.0,10.0,22.0,0.0
2016-11-30,0.0,0.0,9.0,23.0,0.0
2016-12-01,0.0,0.0,9.0,23.0,0.0
2016-12-02,0.0,0.0,9.0,21.0,0.0
2016-12-03,0.0,0.0,8.0,22.0,0.0
2016-12-04,0.0,0.0,9.0,22.0,0.0
2016-12-05,0.0,0.0,11.0,21.0,0.0
2016-12-06,0.0,0.0,7.0,23.0,0.0
2016-12-07,0.0,0.0,7.0,23.0,0.0
2016-12-08,0.0,0.0,8.0,24.0,0.0
2016-12-09,0.0,0.0,8.0,21.0,0.0
2016-12-10,0.3,0.0,9.0,21.0,0.3
2016-12-11,0.0,0.0,8.0,22.0,0.0
2016-12-12,0.0,0.0,9.0,24.0,0.0
2016-12-13,0.0,0.0,8.0,24.0,0.0
2016-12-14,0.0,0.0,7.0,24.0,0.0
2016-12-15,0.0,0.0,7.0,21.0,0.0
2016-12-16,0.0,0.0,10.0,22.0,0.0
2016-12-17,0.0,0.0,9.0,22.0,0.0
2016-12-18,0.0,0.0,9.0,21.0,0.0
2016-12-19,0.0,0.0,9.0,22.0,0.0
2016-12-20,0.0,0.0,7.0,22.0,0.0
2016-12-21,0.0,0.0,6.0,22.0,0.0
2016-12-22,0.0,0.0,6.0,22.0,0.0
2016-12-23,0.0,0.0,5.0,21.0,0.0
2016-12-24,0.0,0.0,5.0,22.0,0.0
2016-12-25,0.0,0.0,6.0,22.0,0.0
2016-12-26,0.0,0.0,6.0,23.0,0.0
2016-12-27,0.0,0.0,7.0,23.0,0.0
2016-12-28,0.0,0.0,8.0,23.0,0.0
2016-12-29,0.0,0.0,7.0,23.0,0.0
2016-12-30,0.0,0.0,6.0,21.0,0.0
2016-12-31,0.0,0.0,7.0,21.0,0.0
2017-01-01,0.0,0.0,6.0,21.0,0.0
2017-01-02,0.0,0.0,6.0,22.0,0.0
2017-01-03,0.0,0.0,6.0,23.0,0.0
2017-01-04,0.0,0.0,6.0,24.0,0.0
2017-01-05,0.0,0.0,5.0,24.0,0.0
2017-01-06,0.0,0.0,6.0,22.0,0.0
2017-01-07,0.0,0.0,7.0,21.0,0.0
2017-01-08,0.0,0.0,6.0,18.0,0.0
2017-01-09,0.0,0.0,2.0,21.0,0.0
2017-01-10,0.0,0.0,3.0,22.0,0.0
2017-01-11,0.0,0.0,3.0,21.0,0.0
2017-01-12,0.0,0.0,4.0,22.0,0.0
2017-01-13,0.0,0.0,5.0,23.0,0.0
2017-01-14,0.0,0.0,3.0,22.0,0.0
2017-01-15,0.0,0.0,3.0,21.0,0.0
2017-01-16,0.0,0.0,3.0,21.0,0.0
2017-01-17,0.0,0.0,4.0,21.0,0.0
2017-01-18,0.0,0.0,5.0,21.0,0.0
2017-01-19,0.0,0.0,6.0,21.0,0.0
2017-01-20,0.0,0.0,6.0,21.0,0.0
2017-01-21,0.0,0.0,6.0,21.0,0.0
2017-01-22,0.0,0.0,3.0,22.0,0.0
2017-01-23,0.0,0.0,3.0,24.0,0.0
2017-01-24,0.0,0.0,4.0,22.0,0.0
2017-01-25,0.0,0.0,4.0,22.0,0.0
2017-01-26,0.0,0.0,5.0,24.0,0.0
2017-01-27,0.0,0.0,5.0,22.0,0.0
2017-01-28,0.0,0.0,4.0,22.0,0.0
2017-01-29,0.0,0.0,6.0,19.0,0.0
2017-01-30,0.0,0.0,4.0,19.0,0.0
2017-01-31,0.0,0.0,4.0,21.0,0.0
2017-02-01,0.0,0.0,5.0,22.0,0.0
2017-02-02,0.0,0.0,6.0,22.0,0.0
2017-02-03,0.0,0.0,6.0,22.0,0.0
2017-02-04,0.0,0.0,7.0,22.0,0.0
2017-02-05,0.0,0.0,7.0,25.0,0.0
2017-02-06,0.0,0.0,6.5,23.0,0.0
2017-02-07,0.0,0.0,7.0,24.0,0.0
2017-02-08,0.0,0.0,7.0,25.0,0.0
2017-02-09,0.0,0.0,7.0,26.0,0.0
2017-02-10,0.0,0.0,5.0,22.0,0.0
2017-02-11,0.0,0.0,4.0,23.0,0.0
2017-02-12,0.0,0.0,5.0,24.0,0.0
2017-02-13,0.0,0.0,3.0,24.0,0.0
2017-02-14,0.0,0.0,6.0,22.0,0.0
2017-02-15,0.0,0.0,4.0,22.0,0.0
2017-02-16,0.0,0.0,4.0,19.0,0.0
2017-02-17,0.0,0.0,6.0,21.0,0.0
2017-02-18,0.0,0.0,4.0,22.0,0.0
2017-02-19,0.0,0.0,4.0,21.0,0.0
2017-02-20,0.0,0.0,8.0,22.0,0.0
2017-02-21,0.0,0.0,6.0,24.0,0.0
2017-02-22,0.0,0.0,7.0,24.0,0.0
2017-02-23,0.0,0.0,7.0,24.0,0.0
2017-02-24,0.0,0.0,4.0,23.0,0.0
2017-02-25,0.0,0.0,4.0,24.0,0.0
2017-02-26,0.0,0.0,6.0,23.0,0.0
2017-02-27,0.0,0.0,6.0,25.0,0.0
2017-02-28,0.0,0.0,7.0,25.0,0.0
2017-03-01,0.0,0.0,7.0,25.0,0.0
2017-03-02,0.0,0.0,7.0,25.0,0.0
2017-03-03,0.0,0.0,7.0,23.0,0.0
2017-03-04,0.0,0.0,8.0,23.0,0.0
2017-03-05,0.0,0.0,7.0,23.0,0.0
2017-03-06,0.0,0.0,10.0,22.0,0.0
2017-03-07,0.0,0.0,8.0,24.0,0.0
2017-03-08,0.0,0.0,8.0,25.0,0.0
2017-03-09,0.0,0.0,9.0,24.0,0.0
2017-03-10,0.0,0.0,8.0,24.0,0.0
2017-03-11,0.0,0.0,9.0,24.0,0.0
2017-03-12,0.0,0.0,10.0,24.0,0.0
2017-03-13,0.0,0.0,10.0,22.0,0.0
2017-03-14,3.0,0.0,8.0,22.0,3.0
2017-03-15,5.8,0.0,10.0,20.0,5.8
2017-03-16,0.5,0.0,6.0,22.0,0.5
2017-03-17,0.0,0.0,8.0,22.0,0.0
2017-03-18,0.0,0.0,7.0,25.0,0.0
2017-03-19,0.0,0.0,7.0,24.0,0.0
2017-03-20,0.0,0.0,6.0,24.0,0.0
2017-03-21,0.0,0.0,7.0,25.0,0.0
2017-03-22,0.0,0.0,7.0,26.0,0.0
2017-03-23,0.0,0.0,5.0,22.0,0.0
2017-03-24,0.0,0.0,7.0,25.0,0.0
2017-03-25,1.5,0.0,8.0,25.0,1.5
2017-03-26,4.5,0.0,10.0,25.0,4.5
2017-03-27,0.0,13.991955757141112,9.0,25.0,-13.991955757141112
2017-03-28,0.0,0.0,10.0,25.0,0.0
2017-03-29,0.0,0.0,7.0,25.0,0.0
2017-03-30,0.0,0.0,8.0,26.0,0.0
2017-03-31,0.0,0.0,8.0,25.0,0.0
2017-04-01,0.0,0.0,8.0,26.0,0.0
2017-04-02,0.0,0.0,7.0,26.0,0.0
2017-04-03,0.0,0.0,7.0,26.0,0.0
2017-04-04,0.0,0.0,7.0,27.0,0.0
2017-04-05,0.0,0.0,8.0,28.0,0.0
2017-04-06,0.0,0.0,8.0,26.0,0.0
2017-04-07,7.7,0.0,10.0,28.0,7.7
2017-04-08,0.0,3.03108286857605,11.0,25.0,-3.03108286857605
2017-04-09,0.8,0.0,10.0,25.0,0.8
2017-04-10,7.0,0.0,10.0,25.0,7.0
2017-04-11,1.6,0.0,9.0,24.0,1.6
2017-04-12,0.0,0.0,7.0,24.0,0.0
2017-04-13,0.0,0.0,7.0,22.0,0.0
2017-04-14,9.0,0.0,8.0,25.0,9.0
2017-04-15,13.5,0.0,9.0,23.0,13.5
2017-04-16,11.2,1.9019443988800049,10.0,23.0,9.298055601119994
2017-04-17,2.3,0.0,9.0,22.0,2.3
2017-04-18,5.5,1.9019443988800049,10.0,21.0,3.598055601119995
2017-04-19,0.0,1.9019443988800049,7.0,21.0,-1.9019443988800049
2017-04-20,0.0,0.0,7.0,22.0,0.0
2017-04-21,0.0,0.0,7.0,24.0,0.0
2017-04-22,0.0,0.0,9.0,25.0,0.0
2017-04-23,0.0,0.0,10.0,25.0,0.0
2017-04-24,0.0,0.0,9.0,25.0,0.0
2017-04-25,0.0,0.0,9.0,25.0,0.0
2017-04-26,0.0,0.0,11.0,25.0,0.0
2017-04-27,0.0,0.0,9.0,25.0,0.0
2017-04-28,0.0,2.6571154594421387,9.0,25.0,-2.6571154594421387
2017-04-29,0.0,0.0,9.0,28.0,0.0
2017-04-30,0.0,0.0,10.0,29.0,0.0
2017-05-01,0.0,0.0,11.0,28.0,0.0
2017-05-02,0.0,0.0,11.0,28.0,0.0
2017-05-03,0.0,0.0,11.0,25.0,0.0
2017-05-04,2.7,0.0,12.0,26.0,2.7
2017-05-05,4.7,0.0,12.0,24.0,4.7
2017-05-06,0.0,0.0,9.0,25.0,0.0
2017-05-07,3.2,0.0,10.0,25.0,3.2
2017-05-08,0.0,0.0,12.0,25.0,0.0
2017-05-09,0.0,0.0,11.0,25.0,0.0
2017-05-10,0.0,0.0,12.0,27.0,0.0
2017-05-11,1.2,0.0,12.0,27.5,1.2
2017-05-12,0.0,6.135510921478272,11.5,26.0,-6.135510921478272
2017-05-13,0.0,0.0,12.0,25.0,0.0
2017-05-14,14.0,0.0,11.0,24.0,14.0
2017-05-15,8.0,6.135510921478272,11.0,24.0,1.8644890785217276
2017-05-16,0.0,4.464234828948975,11.0,25.0,-4.464234828948975
2017-05-17,4.0,4.464234828948975,13.0,25.0,-0.4642348289489746
2017-05-18,1.2,0.0,13.0,26.0,1.2
2017-05-19,0.0,8.92846965789795,13.0,28.0,-8.92846965789795
2017-05-20,0.0,13.392704963684082,14.0,28.0,-13.392704963684082
2017-05-21,0.0,5.363011837005615,14.0,27.0,-5.363011837005615
2017-05-22,0.0,1.787670612335205,13.0,26.0,-1.787670612335205
2017-05-23,0.0,3.57534122467041,13.0,25.0,-3.57534122467041
2017-05-24,27.7,1.787670612335205,16.0,26.0,25.912329387664794
2017-05-25,0.0,8.938353538513184,12.0,23.0,-8.938353538513184
2017-05-26,0.5,0.0,12.0,26.0,0.5
2017-05-27,10.0,14.871426582336426,12.0,22.0,-4.871426582336426
2017-05-28,0.0,7.435713291168213,13.0,21.0,-7.435713291168213
2017-05-29,15.0,7.435713291168213,13.0,21.0,7.564286708831787
2017-05-30,18.4,7.435713291168213,12.0,20.0,10.964286708831786
2017-05-31,11.0,14.871426582336426,13.0,18.0,-3.871426582336426
2017-06-01,0.0,21.63743019104004,13.0,20.0,-21.63743019104004
2017-06-02,7.0,0.0,11.0,22.0,7.0
2017-06-03,0.0,10.81871509552002,12.0,22.0,-10.81871509552002
2017-06-04,23.3,10.81871509552002,13.0,22.0,12.481284904479981
2017-06-05,0.0,10.81871509552002,14.0,24.0,-10.81871509552002
2017-06-06,2.8,0.0,13.0,22.0,2.8
2017-06-07,5.0,10.062381744384766,11.0,22.0,-5.062381744384766
2017-06-08,5.0,10.062381744384766,12.0,18.0,-5.062381744384766
2017-06-09,6.5,0.0,14.0,22.0,6.5
2017-06-10,1.8,10.062381744384766,13.0,20.0,-8.262381744384765
2017-06-11,8.0,0.0,12.0,21.0,8.0
2017-06-12,0.0,0.0,12.0,21.0,0.0
2017-06-13,19.4,0.0,12.0,24.0,19.4
2017-06-14,7.6,12.682424545288086,13.0,20.0,-5.082424545288086
2017-06-15,5.0,12.682424545288086,12.0,21.0,-7.682424545288086
2017-06-16,2.2,8.415090560913086,12.0,21.0,-6.215090560913086
2017-06-17,0.0,8.415090560913086,14.0,21.0,-8.415090560913086
2017-06-18,11.2,0.0,13.0,21.0,11.2
2017-06-19,58.7,8.415090560913086,13.0,22.0,50.28490943908692
2017-06-20,0.0,8.415090560913086,11.0,21.0,-8.415090560913086
2017-06-21,0.0,0.0,9.0,22.0,0.0
2017-06-22,0.0,0.0,9.0,22.0,0.0
2017-06-23,0.0,7.768252849578857,11.0,22.0,-7.768252849578857
2017-06-24,6.5,0.0,11.0,22.0,6.5
2017-06-25,32.5,23.30475807189941,15.0,22.0,9.19524192810059
2017-06-26,0.0,6.935120105743408,14.0,21.0,-6.935120105743408
2017-06-27,4.5,6.935120105743408,14.0,18.0,-2.435120105743408
2017-06-28,7.5,6.935120105743408,14.0,18.0,0.5648798942565918
2017-06-29,5.7,13.870240211486816,14.0,20.0,-8.170240211486817
2017-06-30,14.0,20.805360794067383,13.0,21.0,-6.805360794067383
2017-07-01,1.3,15.484432220458984,12.0,20.0,-14.184432220458984
2017-07-02,5.7,0.0,11.0,21.0,5.7
2017-07-03,0.0,0.0,11.0,22.0,0.0
2017-07-04,2.0,0.0,14.0,22.0,2.0
2017-07-05,46.5,15.484432220458984,13.0,21.0,31.015567779541016
2017-07-06,5.4,26.730382919311523,11.0,20.0,-21.330382919311525
2017-07-07,10.5,13.365191459655762,11.0,18.0,-2.8651914596557617
2017-07-08,17.0,40.09557342529297,11.0,17.0,-23.09557342529297
2017-07-09,28.5,13.365191459655762,13.0,17.0,15.134808540344238
2017-07-10,0.2,13.365191459655762,12.0,19.0,-13.165191459655762
2017-07-11,61.7,8.919266700744629,11.0,18.0,52.780733299255374
2017-07-12,2.9,17.838533401489258,12.0,20.0,-14.938533401489257
2017-07-13,0.0,8.919266700744629,11.0,23.0,-8.919266700744629
2017-07-14,0.0,0.0,10.0,22.0,0.0
2017-07-15,0.0,0.0,10.0,22.0,0.0
2017-07-16,0.4,0.0,11.0,20.0,0.4
2017-07-17,4.0,0.0,12.0,19.0,4.0
2017-07-18,4.5,0.0,11.0,22.0,4.5
2017-07-19,0.0,7.766308307647705,12.0,24.0,-7.766308307647705
2017-07-20,0.0,7.766308307647705,12.0,22.0,-7.766308307647705
2017-07-21,3.0,0.0,11.0,25.0,3.0
2017-07-22,8.5,0.0,11.0,22.0,8.5
2017-07-23,1.5,14.086322784423828,11.0,19.0,-12.586322784423828
2017-07-24,26.5,7.043161392211914,11.0,20.0,19.456838607788086
2017-07-25,24.3,7.043161392211914,14.0,22.0,17.256838607788087
2017-07-26,0.5,44.68415451049805,13.0,22.0,-44.18415451049805
2017-07-27,0.0,0.0,11.0,22.0,0.0
2017-07-28,0.0,0.0,9.0,22.0,0.0
2017-07-29,1.5,0.0,10.0,21.0,1.5
2017-07-30,17.5,0.0,11.0,22.0,17.5
2017-07-31,0.3,22.342077255249023,11.0,21.0,-22.042077255249023
2017-08-01,0.0,0.0,12.0,22.0,0.0
2017-08-02,3.5,0.0,11.0,23.0,3.5
2017-08-03,25.5,0.0,12.0,21.0,25.5
2017-08-04,12.3,46.39734649658203,11.0,21.0,-34.097346496582034
2017-08-05,0.0,23.198673248291016,12.0,22.0,-23.198673248291016
2017-08-06,0.0,0.0,13.0,24.0,0.0
2017-08-07,0.0,0.0,12.0,24.0,0.0
2017-08-08,0.0,0.0,11.0,22.0,0.0
2017-08-09,25.5,6.595695972442627,11.0,20.0,18.904304027557373
2017-08-10,35.6,39.57417678833008,11.0,18.0,-3.9741767883300767
2017-08-11,0.0,0.0,14.0,22.0,0.0
2017-08-12,0.0,0.0,10.0,22.0,0.0
2017-08-13,25.0,0.0,10.0,22.0,25.0
2017-08-14,0.0,0.0,10.0,21.0,0.0
2017-08-15,5.3,0.0,11.0,21.0,5.3
2017-08-16,16.3,20.54646682739257,13.0,22.0,-4.24646682739257
2017-08-17,2.5,10.273233413696287,13.0,23.0,-7.773233413696287
2017-08-18,5.5,10.273233413696287,13.0,21.0,-4.773233413696287
2017-08-19,0.0,20.54646682739257,11.0,21.0,-20.54646682739257
2017-08-20,0.0,0.0,11.0,21.0,0.0
2017-08-21,0.0,0.0,11.0,22.0,0.0
2017-08-22,45.0,0.0,12.0,21.0,45.0
2017-08-23,8.3,7.27742862701416,12.0,18.0,1.0225713729858406
2017-08-24,13.2,14.55485725402832,12.0,19.0,-1.354857254028321
2017-08-25,60.0,14.55485725402832,12.0,18.0,45.44514274597168
2017-08-26,14.5,0.0,13.0,19.0,14.5
2017-08-27,17.4,41.537994384765625,14.0,21.0,-24.137994384765626
2017-08-28,42.0,62.30699157714844,13.0,18.0,-20.306991577148438
2017-08-29,15.5,41.537994384765625,14.0,18.0,-26.037994384765625
2017-08-30,23.0,0.0,14.0,16.0,23.0
2017-08-31,34.8,20.76899719238281,13.0,18.0,14.031002807617188
2017-09-01,14.6,23.433704376220703,13.0,16.0,-8.833704376220703
2017-09-02,28.0,0.0,14.0,17.0,28.0
2017-09-03,22.5,23.433704376220703,14.0,18.0,-0.9337043762207031
2017-09-04,31.0,70.30111694335938,13.0,17.0,-39.301116943359375
2017-09-05,27.0,0.0,13.0,21.0,27.0
2017-09-06,26.6,11.15494441986084,13.0,18.0,15.445055580139162
2017-09-07,18.3,22.30988883972168,14.0,18.0,-4.009888839721679
2017-09-08,3.6,22.30988883972168,12.0,18.0,-18.70988883972168
2017-09-09,7.8,0.0,12.0,21.0,7.8
2017-09-10,0.0,0.0,10.0,18.0,0.0
2017-09-11,0.0,0.0,9.0,21.0,0.0
2017-09-12,0.0,0.0,9.0,20.0,0.0
2017-09-13,10.9,0.0,10.0,21.0,10.9
2017-09-14,24.0,22.73542213439941,11.0,18.0,1.2645778656005895
2017-09-15,1.5,0.0,13.0,21.0,1.5
2017-09-16,7.0,0.0,14.0,25.0,7.0
2017-09-17,4.0,0.0,14.0,22.0,4.0
2017-09-18,0.0,33.69282913208008,12.0,20.0,-33.69282913208008
2017-09-19,0.0,0.0,12.0,21.0,0.0
2017-09-20,0.0,0.0,13.0,22.0,0.0
2017-09-21,0.8,40.96876525878906,13.0,21.0,-40.168765258789065
2017-09-22,3.5,0.0,14.0,24.0,3.5
2017-09-23,19.5,0.0,13.0,21.0,19.5
2017-09-24,51.5,0.0,13.0,19.0,51.5
2017-09-25,17.3,20.48438262939453,13.0,18.0,-3.1843826293945305
2017-09-26,13.3,9.072407722473145,14.0,19.0,4.227592277526856
2017-09-27,26.5,27.21722412109375,13.0,20.0,-0.71722412109375
2017-09-28,1.0,18.14481544494629,13.0,18.0,-17.14481544494629
2017-09-29,2.2,0.0,13.0,19.0,2.2
2017-09-30,0.0,27.21722412109375,12.0,20.0,-27.21722412109375
2017-10-01,17.0,9.915738105773926,12.0,20.0,7.084261894226074
2017-10-02,24.0,9.915738105773926,11.0,18.0,14.084261894226074
2017-10-03,2.0,9.915738105773926,11.0,19.0,-7.915738105773926
2017-10-04,1.5,19.83147621154785,11.0,22.0,-18.33147621154785
2017-10-05,0.0,0.0,11.0,23.0,0.0
2017-10-06,0.0,0.0,10.0,21.0,0.0
2017-10-07,6.0,0.0,10.0,22.0,6.0
2017-10-08,0.0,0.0,11.0,19.0,0.0
2017-10-09,0.6,0.0,11.0,19.0,0.6
2017-10-10,0.0,13.758435249328612,11.0,21.0,-13.758435249328612
2017-10-11,0.0,0.0,11.0,21.0,0.0
2017-10-12,0.0,0.0,10.0,20.0,0.0
2017-10-13,1.8,0.0,10.0,20.0,1.8
2017-10-14,0.0,17.15617561340332,9.0,22.0,-17.15617561340332
2017-10-15,0.0,0.0,9.0,21.0,0.0
2017-10-16,0.0,0.0,9.0,24.0,0.0
2017-10-17,0.0,0.0,9.0,22.0,0.0
2017-10-18,0.0,0.0,10.0,24.0,0.0
2017-10-19,0.0,0.0,10.0,23.0,0.0
2017-10-20,0.0,0.0,10.0,22.0,0.0
2017-10-21,1.5,0.0,10.0,22.0,1.5
2017-10-22,0.0,0.0,11.0,22.0,0.0
2017-10-23,0.0,0.0,11.0,22.0,0.0
2017-10-24,0.0,0.0,10.0,23.0,0.0
2017-10-25,0.0,0.0,9.0,21.0,0.0
2017-10-26,0.0,0.0,6.0,21.0,0.0
2017-10-27,0.0,0.0,7.0,22.0,0.0
2017-10-28,0.0,0.0,8.0,22.0,0.0
2017-10-29,0.0,0.0,7.0,21.0,0.0
2017-10-30,0.0,0.0,9.0,20.0,0.0
2017-10-31,0.5,0.0,10.0,21.0,0.5
2017-11-01,0.0,0.0,11.0,22.0,0.0
2017-11-02,0.0,0.0,11.0,22.0,0.0
2017-11-03,0.0,0.0,10.0,25.0,0.0
2017-11-04,0.0,0.0,7.0,25.0,0.0
2017-11-05,0.0,0.0,8.0,25.0,0.0
2017-11-06,0.0,0.0,8.0,24.0,0.0
2017-11-07,0.0,0.0,7.0,24.0,0.0
2017-11-08,0.0,0.0,6.0,23.0,0.0
2017-11-09,0.0,0.0,6.0,22.0,0.0
2017-11-10,0.0,0.0,7.0,22.0,0.0
2017-11-11,0.0,0.0,9.0,22.0,0.0
2017-11-12,0.0,0.0,8.0,22.0,0.0
2017-11-13,0.0,0.0,7.0,24.0,0.0
2017-11-14,0.0,0.0,6.0,22.0,0.0
2017-11-15,0.0,0.0,8.0,23.0,0.0
2017-11-16,0.0,0.0,7.0,23.0,0.0
2017-11-17,0.0,0.0,7.0,22.0,0.0
2017-11-18,0.0,0.0,6.0,23.0,0.0
2017-11-19,0.0,0.0,8.0,22.0,0.0
2017-11-20,0.0,0.0,7.0,21.0,0.0
2017-11-21,0.0,0.0,7.0,21.0,0.0
2017-11-22,0.0,0.0,8.0,22.0,0.0
2017-11-23,0.0,0.0,6.0,21.0,0.0
2017-11-24,0.0,0.0,4.0,19.0,0.0
2017-11-25,0.0,0.0,5.0,21.0,0.0
2017-11-26,0.0,0.0,6.0,23.0,0.0
2017-11-27,0.0,0.0,3.0,20.0,0.0
2017-11-28,0.0,0.0,4.0,20.0,0.0
2017-11-29,0.0,0.0,4.0,22.0,0.0
2017-11-30,0.0,0.0,4.0,21.0,0.0
2017-12-01,0.0,0.0,3.0,20.0,0.0
2017-12-02,0.0,0.0,3.0,21.0,0.0
2017-12-03,0.0,0.0,4.0,22.0,0.0
2017-12-04,0.0,0.0,6.0,21.0,0.0
2017-12-05,0.0,0.0,7.0,22.0,0.0
2017-12-06,0.0,0.0,7.0,23.0,0.0
2017-12-07,0.0,0.0,7.0,21.0,0.0
2017-12-08,0.0,0.0,9.0,20.0,0.0
2017-12-09,0.0,0.0,5.0,19.0,0.0
2017-12-10,0.0,0.0,3.0,20.0,0.0
2017-12-11,0.0,0.0,0.0,19.0,0.0
2017-12-12,0.0,0.0,1.0,21.0,0.0
2017-12-13,0.0,0.0,2.0,19.0,0.0
2017-12-14,0.0,0.0,3.0,20.0,0.0
2017-12-15,0.0,0.0,3.0,22.0,0.0
2017-12-16,0.0,0.0,4.0,21.0,0.0
2017-12-17,0.0,0.0,8.0,22.0,0.0
2017-12-18,0.0,0.0,7.0,22.0,0.0
2017-12-19,0.0,0.0,7.0,22.0,0.0
2017-12-20,0.0,0.0,6.0,24.0,0.0
2017-12-21,0.0,0.0,6.0,23.0,0.0
2017-12-22,0.0,0.0,6.0,22.0,0.0
2017-12-23,0.0,0.0,5.0,24.0,0.0
2017-12-24,0.0,0.0,5.0,24.0,0.0
2017-12-25,0.0,0.0,5.0,21.0,0.0
2017-12-26,0.0,0.0,5.0,22.0,0.0
2017-12-27,0.0,0.0,4.0,22.0,0.0
2017-12-28,0.0,0.0,5.0,21.0,0.0
2017-12-29,0.0,0.0,7.0,21.0,0.0
2017-12-30,0.0,0.0,6.0,20.0,0.0
2017-12-31,0.0,0.0,5.0,20.0,0.0
2020-01-01,0.0,0.0,8.0,22.0,0.0
2020-01-02,0.0,0.0,8.0,20.0,0.0
2020-01-03,0.0,0.0,8.0,21.0,0.0
2020-01-04,0.0,0.0,5.0,21.0,0.0
2020-01-05,0.0,0.0,4.0,21.0,0.0
2020-01-06,0.0,0.0,4.0,22.0,0.0
2020-01-07,0.0,0.0,4.0,22.0,0.0
2020-01-08,0.0,0.0,5.0,21.0,0.0
2020-01-09,0.0,0.0,4.0,22.0,0.0
2020-01-10,0.0,0.0,5.0,23.0,0.0
2020-01-11,0.0,0.0,7.0,24.0,0.0
2020-01-12,0.0,0.0,7.0,22.0,0.0
2020-01-13,0.0,0.0,8.0,24.0,0.0
2020-01-14,0.0,0.0,8.0,22.0,0.0
2020-01-15,0.0,0.0,8.0,22.0,0.0
2020-01-16,0.0,0.0,10.0,22.0,0.0
2020-01-17,0.0,0.0,8.0,22.0,0.0
2020-01-18,1.5,0.0,8.0,22.0,1.5
2020-01-19,16.0,4.869250774383545,8.0,22.0,11.130749225616455
2020-01-20,0.0,0.0,8.0,15.0,0.0
2020-01-21,0.0,0.0,4.0,16.0,0.0
2020-01-22,0.0,0.0,5.0,19.0,0.0
2020-01-23,0.0,0.0,6.0,20.0,0.0
2020-01-24,0.0,0.0,8.0,19.0,0.0
2020-01-25,0.0,0.0,9.0,19.0,0.0
2020-01-26,0.0,0.0,7.0,21.0,0.0
2020-01-27,0.0,0.0,7.0,22.0,0.0
2020-01-28,0.0,0.0,7.0,22.0,0.0
2020-01-29,0.0,0.0,4.0,22.0,0.0
2020-01-30,0.0,0.0,5.0,21.0,0.0
2020-01-31,0.0,0.0,7.0,21.0,0.0
2020-02-01,0.0,0.0,7.0,22.0,0.0
2020-02-02,0.0,0.6913538575172424,8.0,20.0,-0.6913538575172424
2020-02-03,0.0,0.6913538575172424,7.0,22.0,-0.6913538575172424
2020-02-04,0.0,0.6913538575172424,7.0,24.0,-0.6913538575172424
2020-02-05,0.0,0.0,7.0,24.0,0.0
2020-02-06,0.0,0.0,7.0,25.0,0.0
2020-02-07,0.0,1.1409707069396973,7.0,25.0,-1.1409707069396973
2020-02-08,0.0,0.0,8.0,25.0,0.0
2020-02-09,0.0,0.0,6.0,22.0,0.0
2020-02-10,0.0,0.0,7.0,21.0,0.0
2020-02-11,0.0,0.0,8.0,22.0,0.0
2020-02-12,0.0,0.0,8.0,22.0,0.0
2020-02-13,0.0,0.0,10.0,22.0,0.0
2020-02-14,0.0,0.0,10.0,22.0,0.0
2020-02-15,0.0,0.0,9.0,24.0,0.0
2020-02-16,0.0,0.0,9.0,25.0,0.0
2020-02-17,0.0,0.0,7.0,26.0,0.0
2020-02-18,0.0,0.0,7.0,26.0,0.0
2020-02-19,0.0,0.0,7.0,27.0,0.0
2020-02-20,0.0,0.0,7.0,25.0,0.0
2020-02-21,0.0,0.0,8.0,25.0,0.0
2020-02-22,0.0,0.0,8.0,25.0,0.0
2020-02-23,0.0,0.0,9.0,25.0,0.0
2020-02-24,0.0,0.0,10.0,25.0,0.0
2020-02-25,0.0,0.0,9.0,24.0,0.0
2020-02-26,0.0,0.0,8.0,25.0,0.0
2020-02-27,0.0,0.0,7.0,26.0,0.0
2020-02-28,0.0,0.0,7.0,23.0,0.0
2020-03-01,0.0,0.0,8.0,25.0,0.0
2020-03-02,0.0,0.0,10.0,26.0,0.0
2020-03-03,0.0,0.0,9.0,25.0,0.0
2020-03-04,0.0,0.0,8.0,25.0,0.0
2020-03-05,0.0,0.0,8.0,26.0,0.0
2020-03-06,0.0,0.0,8.0,23.0,0.0
2020-03-07,0.0,0.0,7.0,25.0,0.0
2020-03-08,0.0,0.0,7.0,23.0,0.0
2020-03-09,0.0,0.0,7.0,25.0,0.0
2020-03-10,0.0,0.0,8.0,25.0,0.0
2020-03-11,0.0,0.0,10.0,24.0,0.0
2020-03-12,0.0,0.0,9.0,26.0,0.0
2020-03-13,0.0,0.0,11.0,28.0,0.0
2020-03-14,0.0,0.0,11.0,28.0,0.0
2020-03-15,0.0,0.0,12.0,26.0,0.0
2020-03-16,0.6,0.0,10.0,25.0,0.6
2020-03-17,0.0,0.0,9.0,25.0,0.0
2020-03-18,0.0,0.0,9.0,25.0,0.0
2020-03-19,0.0,0.0,9.0,25.0,0.0
2020-03-20,1.0,0.0,11.0,27.0,1.0
2020-03-21,0.0,8.274510383605957,12.0,25.0,-8.274510383605957
2020-03-22,0.0,2.7581701278686523,8.0,25.0,-2.7581701278686523
2020-03-23,0.0,0.0,8.0,25.0,0.0
2020-03-24,0.0,0.0,9.0,28.0,0.0
2020-03-25,0.0,0.0,10.0,28.0,0.0
2020-03-26,0.0,0.0,7.0,29.0,0.0
2020-03-27,0.0,0.0,8.0,28.0,0.0
2020-03-28,0.0,0.0,10.0,28.0,0.0
2020-03-29,0.0,0.0,10.0,28.0,0.0
2020-03-30,0.0,0.0,11.0,26.0,0.0
2020-03-31,0.0,0.0,11.0,25.0,0.0
2020-04-01,0.0,0.0,11.0,25.0,0.0
2020-04-02,0.0,0.0,11.0,26.0,0.0
2020-04-03,2.8,1.0791362524032593,11.0,26.0,1.7208637475967405
2020-04-04,0.0,1.0791362524032593,11.0,26.0,-1.0791362524032593
2020-04-05,0.0,0.0,12.0,28.0,0.0
2020-04-06,0.0,0.0,12.0,26.0,0.0
2020-04-07,0.0,0.0,11.0,28.0,0.0
2020-04-08,0.0,0.0,11.0,28.0,0.0
2020-04-09,0.0,0.0,11.0,28.0,0.0
2020-04-10,0.0,0.0,10.0,28.0,0.0
2020-04-11,0.0,0.0,10.0,28.0,0.0
2020-04-12,0.0,0.0,10.0,27.0,0.0
2020-04-13,0.0,0.0,9.0,28.0,0.0
2020-04-14,0.0,0.0,10.0,28.0,0.0
2020-04-15,0.0,0.0,10.0,26.0,0.0
2020-04-16,0.0,0.0,12.0,27.0,0.0
2020-04-17,0.0,0.0,13.0,27.0,0.0
2020-04-18,0.0,0.0,11.0,28.0,0.0
2020-04-19,0.0,0.0,11.0,27.0,0.0
2020-04-20,3.7,0.0,13.0,27.0,3.7
2020-04-21,0.0,2.801208019256592,12.0,25.0,-2.801208019256592
2020-04-22,0.0,1.400604009628296,12.0,26.0,-1.400604009628296
2020-04-23,0.0,1.400604009628296,11.0,29.0,-1.400604009628296
2020-04-24,0.0,0.0,14.0,28.0,0.0
2020-04-25,0.0,0.0,11.0,28.0,0.0
2020-04-26,3.3,0.0,12.0,25.0,3.3
2020-04-27,0.0,0.0,11.0,25.0,0.0
2020-04-28,1.0,0.0,10.0,26.0,1.0
2020-04-29,0.0,1.8091168403625488,10.0,27.0,-1.8091168403625488
2020-04-30,1.0,0.0,10.0,23.0,1.0
2020-05-01,0.5,0.0,10.0,25.0,0.5
2020-05-02,0.0,6.741772651672363,10.0,25.0,-6.741772651672363
2020-05-03,0.0,0.0,8.0,27.0,0.0
2020-05-04,27.0,0.0,11.0,27.0,27.0
2020-05-05,28.5,6.741772651672363,13.0,23.0,21.758227348327637
2020-05-06,29.5,15.175250053405762,9.0,25.0,14.324749946594238
2020-05-07,2.3,0.0,10.0,23.0,2.3
2020-05-08,2.0,0.0,10.0,24.0,2.0
2020-05-09,1.4,0.0,11.0,24.0,1.4
2020-05-10,0.2,0.0,12.0,25.0,0.2
2020-05-11,29.0,0.0,11.0,24.0,29.0
2020-05-12,0.0,0.0,11.0,25.0,0.0
2020-05-13,0.0,0.0,11.0,26.0,0.0
2020-05-14,0.0,0.0,11.0,25.0,0.0
2020-05-15,0.0,0.0,11.0,26.0,0.0
2020-05-16,0.0,0.0,10.0,26.0,0.0
2020-05-17,0.0,0.0,11.0,26.0,0.0
2020-05-18,0.7,0.0,11.0,26.0,0.7
2020-05-19,0.5,0.0,11.0,26.0,0.5
2020-05-20,0.0,0.0,11.0,27.0,0.0
2020-05-21,0.0,0.3612601161003113,13.0,26.0,-0.3612601161003113
2020-05-22,0.0,1.050352692604065,10.0,27.0,-1.050352692604065
2020-05-23,0.0,0.4072785675525665,11.0,27.0,-0.4072785675525665
2020-05-24,0.0,1.7423714399337769,12.0,27.0,-1.7423714399337769
2020-05-25,0.0,0.0520871952176094,10.0,26.0,-0.0520871952176094
2020-05-26,0.0,0.0,8.0,28.0,0.0
2020-05-27,0.0,0.0,9.0,27.0,0.0
2020-05-28,5.0,0.0,11.0,25.0,5.0
2020-05-29,0.0,0.0,12.0,22.0,0.0
2020-05-30,0.0,0.0,10.0,26.0,0.0
2020-05-31,0.0,0.0,11.0,26.0,0.0
2020-06-01,3.7,2.262812376022339,14.0,25.0,1.4371876239776613
2020-06-02,0.0,2.438077688217163,12.0,25.0,-2.438077688217163
2020-06-03,0.9,0.7349060773849487,13.0,25.0,0.1650939226150513
2020-06-04,0.0,0.182650938630104,11.0,27.0,-0.182650938630104
2020-06-05,2.3,1.4057892560958862,12.0,26.0,0.8942107439041136
2020-06-06,47.3,0.0,12.0,22.0,47.3
2020-06-07,3.5,5.224276065826416,11.0,22.0,-1.724276065826416
2020-06-08,2.5,0.0,15.0,24.0,2.5
2020-06-09,11.5,10.448552131652832,14.0,26.0,1.051447868347168
2020-06-10,8.3,10.448552131652832,12.0,26.0,-2.1485521316528313
2020-06-11,0.0,8.262089729309082,12.0,24.0,-8.262089729309082
2020-06-12,0.0,0.565376341342926,14.0,25.0,-0.565376341342926
2020-06-13,0.0,0.0092328274622559,13.0,25.0,-0.0092328274622559
2020-06-14,0.0,0.0,11.0,25.0,0.0
2020-06-15,0.0,0.2835981249809265,11.0,26.0,-0.2835981249809265
2020-06-16,0.0,0.0,12.0,25.0,0.0
2020-06-17,0.0,0.0,12.0,25.0,0.0
2020-06-18,2.5,0.0,13.0,24.0,2.5
2020-06-19,0.0,6.021126747131348,13.0,25.0,-6.021126747131348
2020-06-20,0.0,0.0,11.0,23.0,0.0
2020-06-21,28.0,17.561460494995117,15.0,22.0,10.438539505004883
2020-06-22,0.5,23.415281295776367,14.0,21.0,-22.915281295776367
2020-06-23,4.5,0.0,15.0,21.0,4.5
2020-06-24,4.2,0.0,14.0,20.0,4.2
2020-06-25,48.3,0.0,13.0,22.0,48.3
2020-06-26,0.0,21.81092643737793,14.0,22.0,-21.81092643737793
2020-06-27,0.0,0.0,11.0,25.0,0.0
2020-06-28,0.0,0.0,12.0,23.0,0.0
2020-06-29,15.3,0.0,13.0,21.0,15.3
2020-06-30,9.0,21.81092643737793,13.0,23.0,-12.81092643737793
2020-07-01,5.5,7.468935966491699,13.0,22.0,-1.9689359664916992
2020-07-02,0.0,7.468935966491699,11.0,24.0,-7.468935966491699
2020-07-03,1.3,0.0,,,1.3
2020-07-04,6.0,0.0,,,6.0
2020-07-05,16.3,0.0,,,16.3
2020-07-06,17.0,18.932518005371094,,,-1.9325180053710938
2020-07-07,31.0,28.39877891540528,,,2.6012210845947195
2020-07-08,1.8,18.932518005371094,,,-17.132518005371093
2020-07-09,0.0,9.466259002685549,,,-9.466259002685549
2020-07-10,2.0,9.466259002685549,8.0,,-7.466259002685549
2020-07-11,0.0,6.037839889526367,9.0,,-6.037839889526367
2020-07-12,4.7,2.012613296508789,,,2.687386703491211
2020-07-13,0.0,2.012613296508789,,,-2.012613296508789
2020-07-14,4.8,0.0,,,4.8
2020-07-15,0.0,4.025226593017578,,25.0,-4.025226593017578
2020-07-16,0.0,0.915480136871338,,25.0,-0.915480136871338
2020-07-17,0.0,0.3861118853092193,,24.0,-0.3861118853092193
2020-07-18,0.0,2.39712142944336,,24.0,-2.39712142944336
2020-07-19,0.0,0.7236154675483704,,25.0,-0.7236154675483704
2020-07-20,1.5,2.14110803604126,,,-0.6411080360412602
2020-07-21,1.5,8.2456636428833,,,-6.745663642883301
2020-07-22,9.5,4.12283182144165,,,5.37716817855835
2020-07-23,2.8,4.12283182144165,,,-1.3228318214416506
2020-07-24,1.5,4.12283182144165,,,-2.6228318214416504
2020-07-25,0.8,4.12283182144165,,,-3.3228318214416506
2020-07-26,0.0,8.678258895874023,,,-8.678258895874023
2020-07-27,17.0,0.0,,,17.0
2020-07-28,1.0,26.03477478027344,,,-25.03477478027344
2020-07-29,1.0,0.0,,24.0,1.0
2020-07-30,13.0,0.0,,24.0,13.0
2020-07-31,27.5,8.678258895874023,,25.0,18.821741104125977
2020-08-01,0.7,8.716204643249512,,,-8.016204643249512
2020-08-02,1.5,8.716204643249512,,,-7.216204643249512
2020-08-03,0.0,8.716204643249512,,,-8.716204643249512
2020-08-04,7.0,17.432409286499023,,,-10.432409286499023
2020-08-05,0.3,17.432409286499023,,,-17.132409286499023
2020-08-06,23.0,8.580495834350586,,,14.419504165649414
2020-08-07,7.0,8.580495834350586,,,-1.580495834350586
2020-08-08,22.0,25.74148750305176,,,-3.7414875030517614
2020-08-09,0.0,8.580495834350586,,,-8.580495834350586
2020-08-10,0.5,17.160991668701172,,,-16.660991668701172
2020-08-11,0.0,0.0,,,0.0
2020-08-12,0.0,8.58104419708252,,,-8.58104419708252
2020-08-13,2.0,0.0,,,2.0
2020-08-14,0.5,0.0,,,0.5
2020-08-15,0.0,8.58104419708252,,,-8.58104419708252
2020-08-16,0.0,4.4386067390441895,,,-4.4386067390441895
2020-08-17,1.8,0.0,,,1.8
2020-08-18,0.0,0.0,,,0.0
2020-08-19,4.0,0.0,,,4.0
2020-08-20,23.5,4.4386067390441895,,,19.06139326095581
2020-08-21,1.0,7.805093765258789,,,-6.805093765258789
2020-08-22,29.5,0.0,,,29.5
2020-08-23,4.5,15.610187530517578,,,-11.110187530517578
2020-08-24,2.3,7.805093765258789,,,-5.505093765258789
2020-08-25,5.5,7.805093765258789,,,-2.305093765258789
2020-08-26,11.0,12.21584415435791,,,-1.2158441543579102
2020-08-27,11.3,12.21584415435791,,,-0.9158441543579094
2020-08-28,22.9,12.21584415435791,,,10.684155845642088
2020-08-29,5.0,24.43168830871582,,,-19.43168830871582
2020-08-30,0.3,0.0,,,0.3
2020-08-31,4.5,0.0,,,4.5
2020-09-01,0.3,4.176029205322266,,,-3.876029205322266
2020-09-02,0.0,0.0,,,0.0
2020-09-03,20.0,0.0,,,20.0
2020-09-04,0.3,4.176029205322266,,,-3.876029205322266
2020-09-05,0.3,0.0,,,0.3
2020-09-06,0.0,10.075067520141602,,,-10.075067520141602
2020-09-07,6.0,10.075067520141602,,,-4.075067520141602
2020-09-08,7.5,5.037533760070801,,,2.462466239929199
2020-09-09,19.0,5.037533760070801,,,13.9624662399292
2020-09-10,6.3,15.112600326538086,,,-8.812600326538085
2020-09-11,71.5,21.390979766845703,,,50.1090202331543
2020-09-12,12.8,0.0,,,12.8
2020-09-13,4.6,14.260652542114258,,,-9.660652542114258
2020-09-14,16.7,0.0,,,16.7
2020-09-15,32.0,21.390979766845703,,,10.609020233154297
2020-09-16,10.8,40.76377487182617,,,-29.96377487182617
2020-09-17,7.3,21.49860954284668,,,-14.198609542846679
2020-09-18,1.5,31.044864654541016,10.0,,-29.544864654541016
2020-09-19,0.8,7.817562580108643,9.0,,-7.017562580108643
2020-09-20,0.0,15.107284545898438,9.0,,-15.107284545898438
2020-09-21,15.7,11.45981502532959,9.0,,4.2401849746704094
2020-09-22,13.2,22.91963005065918,9.0,,-9.71963005065918
2020-09-23,41.0,11.45981502532959,9.0,,29.54018497467041
2020-09-24,33.5,0.0,11.0,,33.5
2020-09-25,2.3,0.0,12.0,24.0,2.3
2020-09-26,31.8,0.0,11.0,24.0,31.8
2020-09-27,14.0,5.708726406097412,11.0,24.0,8.291273593902588
2020-09-28,2.4,17.126176834106445,11.0,25.0,-14.726176834106445
2020-09-29,0.7,17.126176834106445,12.0,24.0,-16.426176834106446
2020-09-30,0.0,0.0,9.0,21.0,0.0
2020-10-01,0.3,0.0,9.0,25.0,0.3
2020-10-02,0.0,0.0,5.0,21.0,0.0
2020-10-03,0.0,0.0,6.0,21.0,0.0
2020-10-04,0.0,0.0,7.0,22.0,0.0
2020-10-05,0.0,0.0,6.0,22.0,0.0
2020-10-06,0.0,0.0,6.0,23.0,0.0
2020-10-07,0.0,0.0,10.0,22.0,0.0
2020-10-08,0.0,0.0,5.0,22.0,0.0
2020-10-09,0.0,0.0,8.0,21.0,0.0
2020-10-10,0.0,0.0,9.0,22.0,0.0
2020-10-11,11.0,5.720063209533691,11.0,22.0,5.279936790466309
2020-10-12,0.0,5.720063209533691,12.0,22.0,-5.720063209533691
2020-10-13,0.0,0.0,11.0,23.0,0.0
2020-10-14,0.0,0.0,10.0,22.0,0.0
2020-10-15,0.4,0.0,11.0,22.0,0.4
2020-10-16,7.4,0.0,10.0,23.0,7.4
2020-10-17,0.0,0.0,8.0,22.0,0.0
2020-10-18,6.0,0.0,8.0,22.0,6.0
2020-10-19,4.5,0.0,10.0,22.0,4.5
2020-10-20,0.0,0.0,11.0,22.0,0.0
2020-10-21,0.0,0.0,10.0,24.0,0.0
2020-10-22,0.0,0.0,9.0,24.0,0.0
2020-10-23,0.0,0.0,9.0,24.0,0.0
2020-10-24,0.0,0.0,9.0,25.0,0.0
2020-10-25,0.0,0.0,6.0,24.0,0.0
2020-10-26,0.0,7.87501903687371e-06,7.0,24.0,-7.87501903687371e-06
2020-10-27,0.0,0.0,9.0,23.0,0.0
2020-10-28,0.0,1.674593448638916,10.0,23.0,-1.674593448638916
2020-10-29,3.3,6.712402820587158,11.0,23.0,-3.4124028205871584
2020-10-30,0.0,4.605319023132324,9.0,22.0,-4.605319023132324
2020-10-31,0.0,0.0,9.0,24.0,0.0
2020-11-01,0.0,0.0,10.0,23.0,0.0
2020-11-02,0.0,0.0,10.0,22.0,0.0
2020-11-03,0.0,0.0,10.0,22.0,0.0
2020-11-04,0.0,0.0,4.0,22.0,0.0
2020-11-05,0.0,0.0,5.0,22.0,0.0
2020-11-06,0.0,0.0,7.0,22.0,0.0
2020-11-07,0.0,0.0,7.0,23.0,0.0
2020-11-08,0.0,0.0,9.0,24.0,0.0
2020-11-09,0.0,0.0,9.0,23.0,0.0
2020-11-10,0.0,0.0,8.0,24.0,0.0
2020-11-11,0.0,0.0,9.0,24.0,0.0
2020-11-12,0.0,0.0,9.0,24.0,0.0
2020-11-13,0.0,0.0,9.0,25.0,0.0
2020-11-14,0.0,0.0,7.0,24.0,0.0
2020-11-15,0.0,0.0,8.0,24.0,0.0
2020-11-16,0.0,0.0,8.0,24.0,0.0
2020-11-17,0.0,0.0,10.0,22.0,0.0
2020-11-18,0.0,0.0,10.0,22.0,0.0
2020-11-19,0.0,0.0,5.0,22.0,0.0
2020-11-20,0.0,0.0,9.0,21.0,0.0
2020-11-21,0.0,0.0,11.0,22.0,0.0
2020-11-22,0.0,0.0,7.0,23.0,0.0
2020-11-23,0.0,0.0,6.0,23.0,0.0
2020-11-24,0.0,0.0,6.0,23.0,0.0
2020-11-25,0.0,0.0,7.0,24.0,0.0
2020-11-26,0.0,0.0,9.0,24.0,0.0
2020-11-27,0.0,0.0,7.0,25.0,0.0
2020-11-28,0.0,0.0,7.0,24.0,0.0
2020-11-29,0.0,0.0,7.0,24.0,0.0
2020-11-30,0.0,0.0,11.0,21.0,0.0
2020-12-01,0.0,0.0,11.0,20.0,0.0
2020-12-02,0.0,0.0,8.0,22.0,0.0
2020-12-03,0.0,0.0,7.0,21.0,0.0
2020-12-04,0.0,0.0,8.0,22.0,0.0
2020-12-05,0.0,0.0,8.0,22.0,0.0
2020-12-06,0.0,0.0,7.0,22.0,0.0
2020-12-07,0.0,0.0,7.0,21.0,0.0
2020-12-08,0.0,0.0,8.0,22.0,0.0
2020-12-09,0.0,0.0,8.0,22.0,0.0
2020-12-10,0.0,0.0,7.0,22.0,0.0
2020-12-11,0.0,0.0,8.0,23.0,0.0
2020-12-12,0.0,0.0,8.0,23.0,0.0
2020-12-13,0.0,0.0,8.0,24.0,0.0
2020-12-14,0.0,0.0,7.0,22.0,0.0
2020-12-15,0.0,0.0,7.0,21.0,0.0
2020-12-16,0.0,0.0,7.0,20.0,0.0
2020-12-17,0.0,0.0,8.0,22.0,0.0
2020-12-18,0.0,0.0,8.0,23.0,0.0
2020-12-19,0.0,0.0,7.0,24.0,0.0
2020-12-20,0.0,0.0,8.0,23.0,0.0
2020-12-21,0.0,0.0,8.0,22.0,0.0
2020-12-22,0.0,0.0,7.0,22.0,0.0
2020-12-23,0.0,0.0,7.0,23.0,0.0
2020-12-24,0.0,0.0,8.0,22.0,0.0
2020-12-25,0.0,0.0,8.0,20.0,0.0
2020-12-26,0.0,0.0,7.0,21.0,0.0
2020-12-27,0.0,0.0,6.0,22.0,0.0
2020-12-28,0.0,0.0,5.0,22.0,0.0
2020-12-29,0.0,0.0,3.0,21.0,0.0
2020-12-30,0.0,0.0,5.0,19.0,0.0
